First 10 lines of the DataFrame:
  trading_day trade_time  trade_timestamp exchange_id instrument_id unique_instrument_id  open_price  highest_price  lowest_price  close_price  settlement_price  upper_limit_price  lower_limit_price  pre_settlement_price    volume      turnover  open_interest             insert_time  pre_close_price  day_session_price product_id          twap          vwap
0  2010-01-04 2010-01-04    1262534400000         DCE         a1001         DCE|F|A|1001      4107.0         4108.0        4107.0       4108.0            4107.0             4313.0             3825.0                4069.0      10.0  4.108000e+05           26.0 2025-02-19 09:04:03.743           4075.0             4107.0          A   1416.551724  41080.000000
1  2010-01-04 2010-01-04    1262534400000         DCE         a1003         DCE|F|A|1003      4080.0         4155.0        4080.0       4150.0            4128.0             4269.0             3941.0                4105.0      90.0  3.716100e+06          134.0 2025-02-19 09:04:03.743           4110.0             4080.0          A   4116.446097  41290.000000
2  2010-01-04 2010-01-04    1262534400000         DCE         a1005         DCE|F|A|1005      4177.0         4186.0        4160.0       4165.0            4171.0             4296.0             3966.0                4131.0    3366.0  1.404069e+08        45274.0 2025-02-19 09:04:03.743           4148.0             4177.0          A   4170.518750  41713.279857
3  2010-01-04 2010-01-04    1262534400000         DCE         a1007         DCE|F|A|1007      4202.0         4228.0        4191.0       4203.0            4208.0             4338.0             4006.0                4172.0      82.0  3.451200e+06         1426.0 2025-02-19 09:04:03.743           4180.0             4202.0          A   4101.438881  42087.804878
4  2010-01-04 2010-01-04    1262534400000         DCE         a1009         DCE|F|A|1009      4080.0         4090.0        4049.0       4057.0            4069.0             4187.0             3865.0                4026.0  321838.0  1.309576e+10       284296.0 2025-02-19 09:04:03.743           4038.0             4080.0          A   4068.399690  40690.523182
5  2010-01-04 2010-01-04    1262534400000         DCE         a1011         DCE|F|A|1011      3970.0         4015.0        3970.0       4011.0            4002.0             4136.0             3818.0                3977.0      88.0  3.521800e+06          178.0 2025-02-19 09:04:03.743           3982.0             3970.0          A   3952.753289  40020.454545
6  2010-01-04 2010-01-04    1262534400000         DCE         a1101         DCE|F|A|1101      4000.0         4088.0        3985.0       4004.0            4001.0             4116.0             3800.0                3958.0    2624.0  1.050050e+08        13600.0 2025-02-19 09:04:03.743           3970.0             4000.0          A   4001.250000  40017.149390
7  2010-01-04 2010-01-04    1262534400000         DCE         a1103         DCE|F|A|1103      3989.0         4018.0        3989.0       4010.0            4006.0             4114.0             3798.0                3956.0      16.0  6.410000e+05          100.0 2025-02-19 09:04:03.743           3971.0             3989.0          A   3111.554770  40062.500000
8  2010-01-04 2010-01-04    1262534400000         DCE         a1105         DCE|F|A|1105      4027.0         4095.0        4016.0       4027.0            4029.0             4154.0             3836.0                3995.0     206.0  8.300100e+06         1066.0 2025-02-19 09:04:03.743           3999.0             4027.0          A   4029.620178  40291.747573
9  2010-01-04 2010-01-04    1262534400000        SHFE        al1001       SHFE|F|AL|1001     16620.0        16800.0       16510.0      16680.0           16715.0            17200.0            16195.0               16700.0    2090.0  1.746758e+08        23050.0 2025-02-19 09:04:03.743          16800.0            16620.0         AL  16709.795918  83576.913876

Unique values in 'exchange_id':
DCE, SHFE, CZCE, CFFEX, INE, GFEX

Unique values in 'unique_instrument_id' (before digits):
DCE|F|A|, SHFE|F|AL|, SHFE|F|AU|, DCE|F|B|, DCE|F|C|, CZCE|F|CF|, SHFE|F|CU|, CZCE|F|ER|, SHFE|F|FU|, DCE|F|L|, DCE|F|M|, DCE|F|P|, SHFE|F|RB|, CZCE|F|RO|, SHFE|F|RU|, CZCE|F|SR|, CZCE|F|TA|, DCE|F|V|, SHFE|F|WR|, CZCE|F|WS|, CZCE|F|WT|, DCE|F|Y|, SHFE|F|ZN|, CFFEX|F|IF|, SHFE|F|PB|, DCE|F|J|, CZCE|F|ME|, CZCE|F|PM|, SHFE|F|AG|, CZCE|F|OI|, CZCE|F|RI|, CZCE|F|WH|, CZCE|F|FG|, CZCE|F|RM|, CZCE|F|RS|, DCE|F|JM|, CFFEX|F|TF|, CZCE|F|TC|, SHFE|F|BU|, DCE|F|I|, DCE|F|JD|, CZCE|F|JR|, DCE|F|BB|, DCE|F|FB|, DCE|F|PP|, SHFE|F|HC|, CZCE|F|MA|, CZCE|F|LR|, CZCE|F|SF|, CZCE|F|SM|, DCE|F|CS|, CFFEX|F|T|, SHFE|F|NI|, SHFE|F|SN|, CFFEX|F|IC|, CFFEX|F|IH|, CZCE|F|ZC|, CZCE|F|CY|, CZCE|F|AP|, INE|F|SC|, CFFEX|F|TS|, SHFE|F|SP|, DCE|F|EG|, CZCE|F|CJ|, CZCE|F|UR|, INE|F|NR|, DCE|F|RR|, SHFE|F|SS|, DCE|F|EB|, CZCE|F|SA|, DCE|F|PG|, INE|F|LU|, CZCE|F|PF|, INE|F|BC|, DCE|F|LH|, CZCE|F|PK|, CFFEX|F|IM|, GFEX|F|SI|, CFFEX|F|TL|, SHFE|F|AO|, GFEX|F|LC|, SHFE|F|BR|, INE|F|EC|, CZCE|F|PX|, CZCE|F|SH|, CZCE|F|PR|, DCE|F|LG|, GFEX|F|PS|, SHFE|F|AD|, DCE|F|BZ|, CZCE|F|PL|, SHFE|F|OP|, DCE|F|L|F, DCE|F|PP|F, DCE|F|V|F, GFEX|F|PD|, GFEX|F|PT|

Unique values in 'product_id':
A, AL, AU, B, C, CF, CU, ER, FU, L, M, P, RB, RO, RU, SR, TA, V, WR, WS, WT, Y, ZN, IF, PB, J, ME, PM, AG, OI, RI, WH, FG, RM, RS, JM, TF, TC, BU, I, JD, JR, BB, FB, PP, HC, MA, LR, SF, SM, CS, T, NI, SN, IC, IH, ZC, CY, AP, SC, TS, SP, EG, CJ, UR, NR, RR, SS, EB, SA, PG, LU, PF, BC, LH, PK, IM, SI, TL, AO, LC, BR, EC, PX, SH, PR, LG, PS, AD, BZ, PL, OP, L_F, PP_F, V_F, PD, PT

Unique values between first and second '|' in 'unique_instrument_id':
F
Are all values 'F'? True

Total number of records: 1990111
Product ID: A, Unique instrument IDs after last '|': 1001, 1003, 1005, 1007, 1009, 1011, 1101, 1103, 1105, 1107, 1109, 1111, 1201, 1203, 1205, 1207, 1209, 1211, 1301, 1303, 1305, 1307, 1309, 1311, 1401, 1403, 1405, 1407, 1409, 1411, 1501, 1503, 1505, 1507, 1509, 1511, 1601, 1603, 1605, 1607, 1609, 1611, 1701, 1703, 1705, 1707, 1709, 1711, 1801, 1803, 1805, 1807, 1809, 1811, 1901, 1903, 1905, 1907, 1909, 1911, 2001, 2003, 2005, 2007, 2009, 2011, 2101, 2103, 2105, 2107, 2109, 2111, 2201, 2203, 2205, 2207, 2209, 2211, 2301, 2303, 2305, 2307, 2309, 2311, 2401, 2403, 2405, 2407, 2409, 2411, 2501, 2503, 2505, 2507, 2509, 2511, 2601, 2603, 2605, 2607, 2609, 2611, Count: 102
Product ID: AL, Unique instrument IDs after last '|': 1001, 1002, 1003, 1004, 1005, 1006, 1007, 1008, 1009, 1010, 1011, 1012, 1101, 1102, 1103, 1104, 1105, 1106, 1107, 1108, 1109, 1110, 1111, 1112, 1201, 1202, 1203, 1204, 1205, 1206, 1207, 1208, 1209, 1210, 1211, 1212, 1301, 1302, 1303, 1304, 1305, 1306, 1307, 1308, 1309, 1310, 1311, 1312, 1401, 1402, 1403, 1404, 1405, 1406, 1407, 1408, 1409, 1410, 1411, 1412, 1501, 1502, 1503, 1504, 1505, 1506, 1507, 1508, 1509, 1510, 1511, 1512, 1601, 1602, 1603, 1604, 1605, 1606, 1607, 1608, 1609, 1610, 1611, 1612, 1701, 1702, 1703, 1704, 1705, 1706, 1707, 1708, 1709, 1710, 1711, 1712, 1801, 1802, 1803, 1804, 1805, 1806, 1807, 1808, 1809, 1810, 1811, 1812, 1901, 1902, 1903, 1904, 1905, 1906, 1907, 1908, 1909, 1910, 1911, 1912, 2001, 2002, 2003, 2004, 2005, 2006, 2007, 2008, 2009, 2010, 2011, 2012, 2101, 2102, 2103, 2104, 2105, 2106, 2107, 2108, 2109, 2110, 2111, 2112, 2201, 2202, 2203, 2204, 2205, 2206, 2207, 2208, 2209, 2210, 2211, 2212, 2301, 2302, 2303, 2304, 2305, 2306, 2307, 2308, 2309, 2310, 2311, 2312, 2401, 2402, 2403, 2404, 2405, 2406, 2407, 2408, 2409, 2410, 2411, 2412, 2501, 2502, 2503, 2504, 2505, 2506, 2507, 2508, 2509, 2510, 2511, 2512, 2601, 2602, 2603, 2604, 2605, 2606, 2607, 2608, 2609, 2610, 2611, 2612, Count: 204
Product ID: AU, Unique instrument IDs after last '|': 1001, 1002, 1003, 1004, 1005, 1006, 1007, 1008, 1009, 1010, 1011, 1012, 1101, 1102, 1103, 1104, 1105, 1106, 1107, 1108, 1109, 1110, 1111, 1112, 1201, 1202, 1203, 1204, 1205, 1206, 1207, 1208, 1209, 1210, 1211, 1212, 1301, 1302, 1303, 1304, 1305, 1306, 1307, 1308, 1309, 1310, 1311, 1312, 1401, 1402, 1403, 1404, 1405, 1406, 1407, 1408, 1410, 1412, 1502, 1504, 1409, 1506, 1411, 1508, 1501, 1510, 1503, 1512, 1505, 1602, 1507, 1604, 1606, 1509, 1608, 1511, 1610, 1601, 1612, 1603, 1702, 1605, 1704, 1607, 1706, 1609, 1708, 1611, 1710, 1701, 1712, 1703, 1802, 1705, 1804, 1707, 1806, 1709, 1808, 1711, 1810, 1801, 1812, 1803, 1902, 1805, 1904, 1807, 1906, 1809, 1908, 1811, 1910, 1901, 1912, 1903, 2002, 1905, 2004, 1907, 2006, 1909, 2008, 1911, 2010, 2001, 2012, 2003, 2102, 2005, 2104, 2007, 2106, 2009, 2108, 2011, 2110, 2101, 2112, 2103, 2202, 2105, 2204, 2107, 2206, 2109, 2208, 2111, 2210, 2201, 2212, 2203, 2302, 2205, 2304, 2207, 2306, 2209, 2308, 2211, 2310, 2301, 2312, 2303, 2402, 2305, 2404, 2307, 2406, 2309, 2408, 2311, 2410, 2401, 2412, 2403, 2502, 2405, 2504, 2407, 2506, 2409, 2508, 2411, 2510, 2501, 2512, 2503, 2602, 2505, 2604, 2507, 2606, 2509, 2608, 2511, 2610, 2601, 2612, 2603, Count: 200
Product ID: B, Unique instrument IDs after last '|': 1001, 1003, 1005, 1007, 1009, 1011, 1101, 1103, 1105, 1107, 1109, 1111, 1201, 1203, 1205, 1207, 1209, 1211, 1301, 1303, 1305, 1307, 1309, 1311, 1401, 1403, 1405, 1407, 1409, 1411, 1501, 1503, 1505, 1507, 1509, 1511, 1601, 1603, 1605, 1607, 1609, 1611, 1701, 1703, 1705, 1707, 1709, 1711, 1801, 1803, 1805, 1806, 1807, 1808, 1809, 1810, 1811, 1812, 1901, 1902, 1903, 1904, 1905, 1906, 1907, 1908, 1909, 1910, 1911, 1912, 2001, 2002, 2003, 2004, 2005, 2006, 2007, 2008, 2009, 2010, 2011, 2012, 2101, 2102, 2103, 2104, 2105, 2106, 2107, 2108, 2109, 2110, 2111, 2112, 2201, 2202, 2203, 2204, 2205, 2206, 2207, 2208, 2209, 2210, 2211, 2212, 2301, 2302, 2303, 2304, 2305, 2306, 2307, 2308, 2309, 2310, 2311, 2312, 2401, 2402, 2403, 2404, 2405, 2406, 2407, 2408, 2409, 2410, 2411, 2412, 2501, 2502, 2503, 2504, 2505, 2506, 2507, 2508, 2509, 2510, 2511, 2512, 2601, 2602, 2603, 2604, 2605, 2606, 2607, 2608, 2609, 2610, 2611, 2612, Count: 154
Product ID: C, Unique instrument IDs after last '|': 1001, 1003, 1005, 1007, 1009, 1011, 1101, 1103, 1105, 1107, 1109, 1111, 1201, 1203, 1205, 1207, 1209, 1211, 1301, 1303, 1305, 1307, 1309, 1311, 1401, 1403, 1405, 1407, 1409, 1411, 1501, 1503, 1505, 1507, 1509, 1511, 1601, 1603, 1605, 1607, 1609, 1611, 1701, 1703, 1705, 1707, 1709, 1711, 1801, 1803, 1805, 1807, 1809, 1811, 1901, 1903, 1905, 1907, 1909, 1911, 2001, 2003, 2005, 2007, 2009, 2011, 2101, 2103, 2105, 2107, 2109, 2111, 2201, 2203, 2205, 2207, 2209, 2211, 2301, 2303, 2305, 2307, 2309, 2311, 2401, 2403, 2405, 2407, 2409, 2411, 2501, 2503, 2505, 2507, 2509, 2511, 2601, 2603, 2605, 2607, 2609, 2611, Count: 102
Product ID: CF, Unique instrument IDs after last '|': 1001, 1003, 1005, 1007, 1009, 1011, 1101, 1103, 1105, 1107, 1109, 1111, 1201, 1203, 1205, 1207, 1209, 1211, 1301, 1303, 1305, 1307, 1309, 1311, 1401, 1403, 1405, 1407, 1409, 1411, 1501, 1503, 1505, 1507, 1509, 1511, 1601, 1603, 1605, 1607, 1609, 1611, 1701, 1703, 1705, 1707, 1709, 1711, 1801, 1803, 1805, 1807, 1809, 1811, 1901, 1903, 1905, 1907, 1909, 1911, 2001, 2003, 2005, 2007, 2009, 2011, 2101, 2103, 2105, 2107, 2109, 2111, 2201, 2203, 2205, 2207, 2209, 2211, 2301, 2303, 2305, 2307, 2309, 2311, 2401, 2403, 2405, 2407, 2409, 2411, 2501, 2503, 2505, 2507, 2509, 2511, 2601, 2603, 2605, 2607, 2609, 2611, Count: 102
Product ID: CU, Unique instrument IDs after last '|': 1001, 1002, 1003, 1004, 1005, 1006, 1007, 1008, 1009, 1010, 1011, 1012, 1101, 1102, 1103, 1104, 1105, 1106, 1107, 1108, 1109, 1110, 1111, 1112, 1201, 1202, 1203, 1204, 1205, 1206, 1207, 1208, 1209, 1210, 1211, 1212, 1301, 1302, 1303, 1304, 1305, 1306, 1307, 1308, 1309, 1310, 1311, 1312, 1401, 1402, 1403, 1404, 1405, 1406, 1407, 1408, 1409, 1410, 1411, 1412, 1501, 1502, 1503, 1504, 1505, 1506, 1507, 1508, 1509, 1510, 1511, 1512, 1601, 1602, 1603, 1604, 1605, 1606, 1607, 1608, 1609, 1610, 1611, 1612, 1701, 1702, 1703, 1704, 1705, 1706, 1707, 1708, 1709, 1710, 1711, 1712, 1801, 1802, 1803, 1804, 1805, 1806, 1807, 1808, 1809, 1810, 1811, 1812, 1901, 1902, 1903, 1904, 1905, 1906, 1907, 1908, 1909, 1910, 1911, 1912, 2001, 2002, 2003, 2004, 2005, 2006, 2007, 2008, 2009, 2010, 2011, 2012, 2101, 2102, 2103, 2104, 2105, 2106, 2107, 2108, 2109, 2110, 2111, 2112, 2201, 2202, 2203, 2204, 2205, 2206, 2207, 2208, 2209, 2210, 2211, 2212, 2301, 2302, 2303, 2304, 2305, 2306, 2307, 2308, 2309, 2310, 2311, 2312, 2401, 2402, 2403, 2404, 2405, 2406, 2407, 2408, 2409, 2410, 2411, 2412, 2501, 2502, 2503, 2504, 2505, 2506, 2507, 2508, 2509, 2510, 2511, 2512, 2601, 2602, 2603, 2604, 2605, 2606, 2607, 2608, 2609, 2610, 2611, 2612, Count: 204
Product ID: ER, Unique instrument IDs after last '|': 1001, 1003, 1005, 1007, 1009, 1011, 1101, 1103, 1105, 1107, 1109, 1111, 1201, 1203, 1205, 1207, 1209, 1211, 1301, 1303, 1305, Count: 21
Product ID: FU, Unique instrument IDs after last '|': 1003, 1004, 1005, 1006, 1007, 1008, 1009, 1010, 1011, 1012, 1101, 1103, 1104, 1105, 1106, 1107, 1108, 1109, 1110, 1111, 1112, 1202, 1203, 1204, 1205, 1206, 1207, 1208, 1209, 1210, 1211, 1212, 1301, 1303, 1304, 1305, 1306, 1307, 1308, 1309, 1310, 1311, 1312, 1402, 1403, 1404, 1405, 1406, 1407, 1408, 1409, 1410, 1411, 1412, 1501, 1503, 1504, 1505, 1506, 1507, 1508, 1509, 1510, 1511, 1512, 1601, 1603, 1604, 1605, 1606, 1607, 1608, 1609, 1610, 1611, 1612, 1702, 1703, 1704, 1705, 1706, 1707, 1708, 1709, 1710, 1711, 1712, 1801, 1803, 1804, 1805, 1806, 1807, 1808, 1809, 1810, 1811, 1812, 1901, 1902, 1903, 1904, 1905, 1906, 1907, 1908, 1909, 1910, 1911, 1912, 2001, 2002, 2003, 2004, 2005, 2006, 2007, 2008, 2009, 2010, 2011, 2012, 2101, 2102, 2103, 2104, 2105, 2106, 2107, 2108, 2109, 2110, 2111, 2112, 2201, 2202, 2203, 2204, 2205, 2206, 2207, 2208, 2209, 2210, 2211, 2212, 2301, 2302, 2303, 2304, 2305, 2306, 2307, 2308, 2309, 2310, 2311, 2312, 2401, 2402, 2403, 2404, 2405, 2406, 2407, 2408, 2409, 2410, 2411, 2412, 2501, 2502, 2503, 2504, 2505, 2506, 2507, 2508, 2509, 2510, 2511, 2512, 2601, 2602, 2603, 2604, 2605, 2606, 2607, 2608, 2609, 2610, 2611, 2612, Count: 194
Product ID: L, Unique instrument IDs after last '|': 1001, 1002, 1003, 1004, 1005, 1006, 1007, 1008, 1009, 1010, 1011, 1012, 1101, 1102, 1103, 1104, 1105, 1106, 1107, 1108, 1109, 1110, 1111, 1112, 1201, 1202, 1203, 1204, 1205, 1206, 1207, 1208, 1209, 1210, 1211, 1212, 1301, 1302, 1303, 1304, 1305, 1306, 1307, 1308, 1309, 1310, 1311, 1312, 1401, 1402, 1403, 1404, 1405, 1406, 1407, 1408, 1409, 1410, 1411, 1412, 1501, 1502, 1503, 1504, 1505, 1506, 1507, 1508, 1509, 1510, 1511, 1512, 1601, 1602, 1603, 1604, 1605, 1606, 1607, 1608, 1609, 1610, 1611, 1612, 1701, 1702, 1703, 1704, 1705, 1706, 1707, 1708, 1709, 1710, 1711, 1712, 1801, 1802, 1803, 1804, 1805, 1806, 1807, 1808, 1809, 1810, 1811, 1812, 1901, 1902, 1903, 1904, 1905, 1906, 1907, 1908, 1909, 1910, 1911, 1912, 2001, 2002, 2003, 2004, 2005, 2006, 2007, 2008, 2009, 2010, 2011, 2012, 2101, 2102, 2103, 2104, 2105, 2106, 2107, 2108, 2109, 2110, 2111, 2112, 2201, 2202, 2203, 2204, 2205, 2206, 2207, 2208, 2209, 2210, 2211, 2212, 2301, 2302, 2303, 2304, 2305, 2306, 2307, 2308, 2309, 2310, 2311, 2312, 2401, 2402, 2403, 2404, 2405, 2406, 2407, 2408, 2409, 2410, 2411, 2412, 2501, 2502, 2503, 2504, 2505, 2506, 2507, 2508, 2509, 2510, 2511, 2512, 2601, 2602, 2603, 2604, 2605, 2606, 2607, 2608, 2609, 2610, 2611, 2612, Count: 204
Product ID: M, Unique instrument IDs after last '|': 1001, 1003, 1005, 1007, 1008, 1009, 1011, 1012, 1101, 1103, 1105, 1107, 1108, 1109, 1111, 1112, 1201, 1203, 1205, 1207, 1208, 1209, 1211, 1212, 1301, 1303, 1305, 1307, 1308, 1309, 1311, 1312, 1401, 1403, 1405, 1407, 1408, 1409, 1411, 1412, 1501, 1503, 1505, 1507, 1508, 1509, 1511, 1512, 1601, 1603, 1605, 1607, 1608, 1609, 1611, 1612, 1701, 1703, 1705, 1707, 1708, 1709, 1711, 1712, 1801, 1803, 1805, 1807, 1808, 1809, 1811, 1812, 1901, 1903, 1905, 1907, 1908, 1909, 1911, 1912, 2001, 2003, 2005, 2007, 2008, 2009, 2011, 2012, 2101, 2103, 2105, 2107, 2108, 2109, 2111, 2112, 2201, 2203, 2205, 2207, 2208, 2209, 2211, 2212, 2301, 2303, 2305, 2307, 2308, 2309, 2311, 2312, 2401, 2403, 2405, 2407, 2408, 2409, 2411, 2412, 2501, 2503, 2505, 2507, 2508, 2509, 2511, 2512, 2601, 2603, 2605, 2607, 2608, 2609, 2611, 2612, Count: 136
Product ID: P, Unique instrument IDs after last '|': 1001, 1002, 1003, 1004, 1005, 1006, 1007, 1008, 1009, 1010, 1011, 1012, 1101, 1102, 1103, 1104, 1105, 1106, 1107, 1108, 1109, 1110, 1111, 1112, 1201, 1202, 1203, 1204, 1205, 1206, 1207, 1208, 1209, 1210, 1211, 1212, 1301, 1302, 1303, 1304, 1305, 1306, 1307, 1308, 1309, 1310, 1311, 1312, 1401, 1402, 1403, 1404, 1405, 1406, 1407, 1408, 1409, 1410, 1411, 1412, 1501, 1502, 1503, 1504, 1505, 1506, 1507, 1508, 1509, 1510, 1511, 1512, 1601, 1602, 1603, 1604, 1605, 1606, 1607, 1608, 1609, 1610, 1611, 1612, 1701, 1702, 1703, 1704, 1705, 1706, 1707, 1708, 1709, 1710, 1711, 1712, 1801, 1802, 1803, 1804, 1805, 1806, 1807, 1808, 1809, 1810, 1811, 1812, 1901, 1902, 1903, 1904, 1905, 1906, 1907, 1908, 1909, 1910, 1911, 1912, 2001, 2002, 2003, 2004, 2005, 2006, 2007, 2008, 2009, 2010, 2011, 2012, 2101, 2102, 2103, 2104, 2105, 2106, 2107, 2108, 2109, 2110, 2111, 2112, 2201, 2202, 2203, 2204, 2205, 2206, 2207, 2208, 2209, 2210, 2211, 2212, 2301, 2302, 2303, 2304, 2305, 2306, 2307, 2308, 2309, 2310, 2311, 2312, 2401, 2402, 2403, 2404, 2405, 2406, 2407, 2408, 2409, 2410, 2411, 2412, 2501, 2502, 2503, 2504, 2505, 2506, 2507, 2508, 2509, 2510, 2511, 2512, 2601, 2602, 2603, 2604, 2605, 2606, 2607, 2608, 2609, 2610, 2611, 2612, Count: 204
Product ID: RB, Unique instrument IDs after last '|': 1001, 1002, 1003, 1004, 1005, 1006, 1007, 1008, 1009, 1010, 1011, 1012, 1101, 1102, 1103, 1104, 1105, 1106, 1107, 1108, 1109, 1110, 1111, 1112, 1201, 1202, 1203, 1204, 1205, 1206, 1207, 1208, 1209, 1210, 1211, 1212, 1301, 1302, 1303, 1304, 1305, 1306, 1307, 1308, 1309, 1310, 1311, 1312, 1401, 1402, 1403, 1404, 1405, 1406, 1407, 1408, 1409, 1410, 1411, 1412, 1501, 1502, 1503, 1504, 1505, 1506, 1507, 1508, 1509, 1510, 1511, 1512, 1601, 1602, 1603, 1604, 1605, 1606, 1607, 1608, 1609, 1610, 1611, 1612, 1701, 1702, 1703, 1704, 1705, 1706, 1707, 1708, 1709, 1710, 1711, 1712, 1801, 1802, 1803, 1804, 1805, 1806, 1807, 1808, 1809, 1810, 1811, 1812, 1901, 1902, 1903, 1904, 1905, 1906, 1907, 1908, 1909, 1910, 1911, 1912, 2001, 2002, 2003, 2004, 2005, 2006, 2007, 2008, 2009, 2010, 2011, 2012, 2101, 2102, 2103, 2104, 2105, 2106, 2107, 2108, 2109, 2110, 2111, 2112, 2201, 2202, 2203, 2204, 2205, 2206, 2207, 2208, 2209, 2210, 2211, 2212, 2301, 2302, 2303, 2304, 2305, 2306, 2307, 2308, 2309, 2310, 2311, 2312, 2401, 2402, 2403, 2404, 2405, 2406, 2407, 2408, 2409, 2410, 2411, 2412, 2501, 2502, 2503, 2504, 2505, 2506, 2507, 2508, 2509, 2510, 2511, 2512, 2601, 2602, 2603, 2604, 2605, 2606, 2607, 2608, 2609, 2610, 2611, 2612, Count: 204
Product ID: RO, Unique instrument IDs after last '|': 1001, 1003, 1005, 1007, 1009, 1011, 1101, 1103, 1105, 1107, 1109, 1111, 1201, 1203, 1205, 1207, 1209, 1211, 1301, 1303, 1305, Count: 21
Product ID: RU, Unique instrument IDs after last '|': 1001, 1003, 1004, 1005, 1006, 1007, 1008, 1009, 1010, 1011, 1101, 1103, 1104, 1105, 1106, 1107, 1108, 1109, 1110, 1111, 1201, 1203, 1204, 1205, 1206, 1207, 1208, 1209, 1210, 1211, 1301, 1303, 1304, 1305, 1306, 1307, 1308, 1309, 1310, 1311, 1401, 1403, 1404, 1405, 1406, 1407, 1408, 1409, 1410, 1411, 1501, 1503, 1504, 1505, 1506, 1507, 1508, 1509, 1510, 1511, 1601, 1603, 1604, 1605, 1606, 1607, 1608, 1609, 1610, 1611, 1701, 1703, 1704, 1705, 1706, 1707, 1708, 1709, 1710, 1711, 1801, 1803, 1804, 1805, 1806, 1807, 1808, 1809, 1810, 1811, 1901, 1903, 1904, 1905, 1906, 1907, 1908, 1909, 1910, 1911, 2001, 2003, 2004, 2005, 2006, 2007, 2008, 2009, 2010, 2011, 2101, 2103, 2104, 2105, 2106, 2107, 2108, 2109, 2110, 2111, 2201, 2203, 2204, 2205, 2206, 2207, 2208, 2209, 2210, 2211, 2301, 2303, 2304, 2305, 2306, 2307, 2308, 2309, 2310, 2311, 2401, 2403, 2404, 2405, 2406, 2407, 2408, 2409, 2410, 2411, 2501, 2503, 2504, 2505, 2506, 2507, 2508, 2509, 2510, 2511, 2601, 2603, 2604, 2605, 2606, 2607, 2608, 2609, 2610, 2611, Count: 170
Product ID: SR, Unique instrument IDs after last '|': 1001, 1003, 1005, 1007, 1009, 1011, 1101, 1103, 1105, 1107, 1109, 1111, 1201, 1203, 1205, 1207, 1209, 1211, 1301, 1303, 1305, 1307, 1309, 1311, 1401, 1403, 1405, 1407, 1409, 1411, 1501, 1503, 1505, 1507, 1509, 1511, 1601, 1603, 1605, 1607, 1609, 1611, 1701, 1703, 1705, 1707, 1709, 1711, 1801, 1803, 1805, 1807, 1809, 1811, 1901, 1903, 1905, 1907, 1909, 1911, 2001, 2003, 2005, 2007, 2009, 2011, 2101, 2103, 2105, 2107, 2109, 2111, 2201, 2203, 2205, 2207, 2209, 2211, 2301, 2303, 2305, 2307, 2309, 2311, 2401, 2403, 2405, 2407, 2409, 2411, 2501, 2503, 2505, 2507, 2509, 2511, 2601, 2603, 2605, 2607, 2609, 2611, Count: 102
Product ID: TA, Unique instrument IDs after last '|': 1001, 1002, 1003, 1004, 1005, 1006, 1007, 1008, 1009, 1010, 1011, 1012, 1101, 1102, 1103, 1104, 1105, 1106, 1107, 1108, 1109, 1110, 1111, 1112, 1201, 1202, 1203, 1204, 1205, 1206, 1207, 1208, 1209, 1210, 1211, 1212, 1301, 1302, 1303, 1304, 1305, 1306, 1307, 1308, 1309, 1310, 1311, 1312, 1401, 1402, 1403, 1404, 1405, 1406, 1407, 1408, 1409, 1410, 1411, 1412, 1501, 1502, 1503, 1504, 1505, 1506, 1507, 1508, 1509, 1510, 1511, 1512, 1601, 1602, 1603, 1604, 1605, 1606, 1607, 1608, 1609, 1610, 1611, 1612, 1701, 1702, 1703, 1704, 1705, 1706, 1707, 1708, 1709, 1710, 1711, 1712, 1801, 1802, 1803, 1804, 1805, 1806, 1807, 1808, 1809, 1810, 1811, 1812, 1901, 1902, 1903, 1904, 1905, 1906, 1907, 1908, 1909, 1910, 1911, 1912, 2001, 2002, 2003, 2004, 2005, 2006, 2007, 2008, 2009, 2010, 2011, 2012, 2101, 2102, 2103, 2104, 2105, 2106, 2107, 2108, 2109, 2110, 2111, 2112, 2201, 2202, 2203, 2204, 2205, 2206, 2207, 2208, 2209, 2210, 2211, 2212, 2301, 2302, 2303, 2304, 2305, 2306, 2307, 2308, 2309, 2310, 2311, 2312, 2401, 2402, 2403, 2404, 2405, 2406, 2407, 2408, 2409, 2410, 2411, 2412, 2501, 2502, 2503, 2504, 2505, 2506, 2507, 2508, 2509, 2510, 2511, 2512, 2601, 2602, 2603, 2604, 2605, 2606, 2607, 2608, 2609, 2610, 2611, 2612, Count: 204
Product ID: V, Unique instrument IDs after last '|': 1001, 1002, 1003, 1004, 1005, 1006, 1007, 1008, 1009, 1010, 1011, 1012, 1101, 1102, 1103, 1104, 1105, 1106, 1107, 1108, 1109, 1110, 1111, 1112, 1201, 1202, 1203, 1204, 1205, 1206, 1207, 1208, 1209, 1210, 1211, 1212, 1301, 1302, 1303, 1304, 1305, 1306, 1307, 1308, 1309, 1310, 1311, 1312, 1401, 1402, 1403, 1404, 1405, 1406, 1407, 1408, 1409, 1410, 1411, 1412, 1501, 1502, 1503, 1504, 1505, 1506, 1507, 1508, 1509, 1510, 1511, 1512, 1601, 1602, 1603, 1604, 1605, 1606, 1607, 1608, 1609, 1610, 1611, 1612, 1701, 1702, 1703, 1704, 1705, 1706, 1707, 1708, 1709, 1710, 1711, 1712, 1801, 1802, 1803, 1804, 1805, 1806, 1807, 1808, 1809, 1810, 1811, 1812, 1901, 1902, 1903, 1904, 1905, 1906, 1907, 1908, 1909, 1910, 1911, 1912, 2001, 2002, 2003, 2004, 2005, 2006, 2007, 2008, 2009, 2010, 2011, 2012, 2101, 2102, 2103, 2104, 2105, 2106, 2107, 2108, 2109, 2110, 2111, 2112, 2201, 2202, 2203, 2204, 2205, 2206, 2207, 2208, 2209, 2210, 2211, 2212, 2301, 2302, 2303, 2304, 2305, 2306, 2307, 2308, 2309, 2310, 2311, 2312, 2401, 2402, 2403, 2404, 2405, 2406, 2407, 2408, 2409, 2410, 2411, 2412, 2501, 2502, 2503, 2504, 2505, 2506, 2507, 2508, 2509, 2510, 2511, 2512, 2601, 2602, 2603, 2604, 2605, 2606, 2607, 2608, 2609, 2610, 2611, 2612, Count: 204
Product ID: WR, Unique instrument IDs after last '|': 1001, 1002, 1003, 1004, 1005, 1006, 1007, 1008, 1009, 1010, 1011, 1012, 1101, 1102, 1103, 1104, 1105, 1106, 1107, 1108, 1109, 1110, 1111, 1112, 1201, 1202, 1203, 1204, 1205, 1206, 1207, 1208, 1209, 1210, 1211, 1212, 1301, 1302, 1303, 1304, 1305, 1306, 1307, 1308, 1309, 1310, 1311, 1312, 1401, 1402, 1403, 1404, 1405, 1406, 1407, 1408, 1409, 1410, 1411, 1412, 1501, 1502, 1503, 1504, 1505, 1506, 1507, 1508, 1509, 1510, 1511, 1512, 1601, 1602, 1603, 1604, 1605, 1606, 1607, 1608, 1609, 1610, 1611, 1612, 1701, 1702, 1703, 1704, 1705, 1706, 1707, 1708, 1709, 1710, 1711, 1712, 1801, 1802, 1803, 1804, 1805, 1806, 1807, 1808, 1809, 1810, 1811, 1812, 1901, 1902, 1903, 1904, 1905, 1906, 1907, 1908, 1909, 1910, 1911, 1912, 2001, 2002, 2003, 2004, 2005, 2006, 2007, 2008, 2009, 2010, 2011, 2012, 2101, 2102, 2103, 2104, 2105, 2106, 2107, 2108, 2109, 2110, 2111, 2112, 2201, 2202, 2203, 2204, 2205, 2206, 2207, 2208, 2209, 2210, 2211, 2212, 2301, 2302, 2303, 2304, 2305, 2306, 2307, 2308, 2309, 2310, 2311, 2312, 2401, 2402, 2403, 2404, 2405, 2406, 2407, 2408, 2409, 2410, 2411, 2412, 2501, 2502, 2503, 2504, 2505, 2506, 2507, 2508, 2509, 2510, 2511, 2512, 2601, 2602, 2603, 2604, 2605, 2606, 2607, 2608, 2609, 2610, 2611, 2612, Count: 204
Product ID: WS, Unique instrument IDs after last '|': 1001, 1003, 1005, 1007, 1009, 1011, 1101, 1103, 1105, 1107, 1109, 1111, 1201, 1203, 1205, 1207, 1209, 1211, 1301, 1303, 1305, Count: 21
Product ID: WT, Unique instrument IDs after last '|': 1001, 1003, 1005, 1007, 1009, 1011, 1101, 1103, 1105, 1107, 1109, 1111, 1201, 1203, 1205, 1207, 1209, 1211, Count: 18
Product ID: Y, Unique instrument IDs after last '|': 1001, 1003, 1005, 1007, 1008, 1009, 1011, 1012, 1101, 1103, 1105, 1107, 1108, 1109, 1111, 1112, 1201, 1203, 1205, 1207, 1208, 1209, 1211, 1212, 1301, 1303, 1305, 1307, 1308, 1309, 1311, 1312, 1401, 1403, 1405, 1407, 1408, 1409, 1411, 1412, 1501, 1503, 1505, 1507, 1508, 1509, 1511, 1512, 1601, 1603, 1605, 1607, 1608, 1609, 1611, 1612, 1701, 1703, 1705, 1707, 1708, 1709, 1711, 1712, 1801, 1803, 1805, 1807, 1808, 1809, 1811, 1812, 1901, 1903, 1905, 1907, 1908, 1909, 1911, 1912, 2001, 2003, 2005, 2007, 2008, 2009, 2011, 2012, 2101, 2103, 2105, 2107, 2108, 2109, 2111, 2112, 2201, 2203, 2205, 2207, 2208, 2209, 2211, 2212, 2301, 2303, 2305, 2307, 2308, 2309, 2311, 2312, 2401, 2403, 2405, 2407, 2408, 2409, 2411, 2412, 2501, 2503, 2505, 2507, 2508, 2509, 2511, 2512, 2601, 2603, 2605, 2607, 2608, 2609, 2611, 2612, Count: 136
Product ID: ZN, Unique instrument IDs after last '|': 1001, 1002, 1003, 1004, 1005, 1006, 1007, 1008, 1009, 1010, 1011, 1012, 1101, 1102, 1103, 1104, 1105, 1106, 1107, 1108, 1109, 1110, 1111, 1112, 1201, 1202, 1203, 1204, 1205, 1206, 1207, 1208, 1209, 1210, 1211, 1212, 1301, 1302, 1303, 1304, 1305, 1306, 1307, 1308, 1309, 1310, 1311, 1312, 1401, 1402, 1403, 1404, 1405, 1406, 1407, 1408, 1409, 1410, 1411, 1412, 1501, 1502, 1503, 1504, 1505, 1506, 1507, 1508, 1509, 1510, 1511, 1512, 1601, 1602, 1603, 1604, 1605, 1606, 1607, 1608, 1609, 1610, 1611, 1612, 1701, 1702, 1703, 1704, 1705, 1706, 1707, 1708, 1709, 1710, 1711, 1712, 1801, 1802, 1803, 1804, 1805, 1806, 1807, 1808, 1809, 1810, 1811, 1812, 1901, 1902, 1903, 1904, 1905, 1906, 1907, 1908, 1909, 1910, 1911, 1912, 2001, 2002, 2003, 2004, 2005, 2006, 2007, 2008, 2009, 2010, 2011, 2012, 2101, 2102, 2103, 2104, 2105, 2106, 2107, 2108, 2109, 2110, 2111, 2112, 2201, 2202, 2203, 2204, 2205, 2206, 2207, 2208, 2209, 2210, 2211, 2212, 2301, 2302, 2303, 2304, 2305, 2306, 2307, 2308, 2309, 2310, 2311, 2312, 2401, 2402, 2403, 2404, 2405, 2406, 2407, 2408, 2409, 2410, 2411, 2412, 2501, 2502, 2503, 2504, 2505, 2506, 2507, 2508, 2509, 2510, 2511, 2512, 2601, 2602, 2603, 2604, 2605, 2606, 2607, 2608, 2609, 2610, 2611, 2612, Count: 204
Product ID: IF, Unique instrument IDs after last '|': 1005, 1006, 1009, 1012, 1007, 1008, 1103, 1010, 1011, 1106, 1101, 1102, 1109, 1104, 1105, 1112, 1107, 1108, 1203, 1110, 1111, 1206, 1201, 1202, 1209, 1204, 1205, 1212, 1207, 1208, 1303, 1210, 1211, 1306, 1301, 1302, 1309, 1304, 1305, 1312, 1307, 1308, 1403, 1310, 1311, 1406, 1401, 1402, 1409, 1404, 1405, 1412, 1407, 1408, 1503, 1410, 1411, 1506, 1501, 1502, 1509, 1504, 1505, 1512, 1507, 1508, 1603, 1510, 1511, 1606, 1601, 1602, 1609, 1604, 1605, 1612, 1607, 1608, 1703, 1610, 1611, 1706, 1701, 1702, 1709, 1704, 1705, 1712, 1707, 1708, 1803, 1710, 1711, 1806, 1801, 1802, 1809, 1804, 1805, 1812, 1807, 1808, 1903, 1810, 1811, 1906, 1901, 1902, 1909, 1904, 1905, 1912, 1907, 1908, 2003, 1910, 1911, 2006, 2001, 2002, 2009, 2004, 2005, 2012, 2007, 2008, 2103, 2010, 2011, 2106, 2101, 2102, 2109, 2104, 2105, 2112, 2107, 2108, 2203, 2110, 2111, 2206, 2201, 2202, 2209, 2204, 2205, 2212, 2207, 2208, 2303, 2210, 2211, 2306, 2301, 2302, 2309, 2304, 2305, 2312, 2307, 2308, 2403, 2310, 2311, 2406, 2401, 2402, 2409, 2404, 2405, 2412, 2407, 2408, 2503, 2410, 2411, 2506, 2501, 2502, 2509, 2504, 2505, 2512, 2507, 2508, 2603, 2510, 2511, 2606, 2601, Count: 191
Product ID: PB, Unique instrument IDs after last '|': 1109, 1110, 1111, 1112, 1201, 1202, 1203, 1204, 1205, 1206, 1207, 1208, 1209, 1210, 1211, 1212, 1301, 1302, 1303, 1304, 1305, 1306, 1307, 1308, 1309, 1310, 1311, 1312, 1401, 1402, 1403, 1404, 1405, 1406, 1407, 1408, 1409, 1410, 1411, 1412, 1501, 1502, 1503, 1504, 1505, 1506, 1507, 1508, 1509, 1510, 1511, 1512, 1601, 1602, 1603, 1604, 1605, 1606, 1607, 1608, 1609, 1610, 1611, 1612, 1701, 1702, 1703, 1704, 1705, 1706, 1707, 1708, 1709, 1710, 1711, 1712, 1801, 1802, 1803, 1804, 1805, 1806, 1807, 1808, 1809, 1810, 1811, 1812, 1901, 1902, 1903, 1904, 1905, 1906, 1907, 1908, 1909, 1910, 1911, 1912, 2001, 2002, 2003, 2004, 2005, 2006, 2007, 2008, 2009, 2010, 2011, 2012, 2101, 2102, 2103, 2104, 2105, 2106, 2107, 2108, 2109, 2110, 2111, 2112, 2201, 2202, 2203, 2204, 2205, 2206, 2207, 2208, 2209, 2210, 2211, 2212, 2301, 2302, 2303, 2304, 2305, 2306, 2307, 2308, 2309, 2310, 2311, 2312, 2401, 2402, 2403, 2404, 2405, 2406, 2407, 2408, 2409, 2410, 2411, 2412, 2501, 2502, 2503, 2504, 2505, 2506, 2507, 2508, 2509, 2510, 2511, 2512, 2601, 2602, 2603, 2604, 2605, 2606, 2607, 2608, 2609, 2610, 2611, 2612, Count: 184
Product ID: J, Unique instrument IDs after last '|': 1109, 1110, 1111, 1112, 1201, 1202, 1203, 1204, 1205, 1206, 1207, 1208, 1209, 1210, 1211, 1212, 1301, 1302, 1303, 1304, 1305, 1306, 1307, 1308, 1309, 1310, 1311, 1312, 1401, 1402, 1403, 1404, 1405, 1406, 1407, 1408, 1409, 1410, 1411, 1412, 1501, 1502, 1503, 1504, 1505, 1506, 1507, 1508, 1509, 1510, 1511, 1512, 1601, 1602, 1603, 1604, 1605, 1606, 1607, 1608, 1609, 1610, 1611, 1612, 1701, 1702, 1703, 1704, 1705, 1706, 1707, 1708, 1709, 1710, 1711, 1712, 1801, 1802, 1803, 1804, 1805, 1806, 1807, 1808, 1809, 1810, 1811, 1812, 1901, 1902, 1903, 1904, 1905, 1906, 1907, 1908, 1909, 1910, 1911, 1912, 2001, 2002, 2003, 2004, 2005, 2006, 2007, 2008, 2009, 2010, 2011, 2012, 2101, 2102, 2103, 2104, 2105, 2106, 2107, 2108, 2109, 2110, 2111, 2112, 2201, 2202, 2203, 2204, 2205, 2206, 2207, 2208, 2209, 2210, 2211, 2212, 2301, 2302, 2303, 2304, 2305, 2306, 2307, 2308, 2309, 2310, 2311, 2312, 2401, 2402, 2403, 2404, 2405, 2406, 2407, 2408, 2409, 2410, 2411, 2412, 2501, 2502, 2503, 2504, 2505, 2506, 2507, 2508, 2509, 2510, 2511, 2512, 2601, 2602, 2603, 2604, 2605, 2606, 2607, 2608, 2609, 2610, 2611, 2612, Count: 184
Product ID: ME, Unique instrument IDs after last '|': 1203, 1204, 1205, 1206, 1207, 1208, 1209, 1210, 1211, 1212, 1301, 1302, 1303, 1304, 1305, 1306, 1307, 1308, 1309, 1310, 1311, 1312, 1401, 1402, 1403, 1404, 1405, 1406, 1407, 1408, 1409, 1410, 1411, 1412, 1501, 1502, 1503, 1504, 1505, Count: 39
Product ID: PM, Unique instrument IDs after last '|': 1301, 1303, 1305, 1307, 1309, 1311, 1401, 1403, 1405, 1407, 1409, 1411, 1501, 1503, 1505, 1507, 1509, 1511, 1601, 1603, 1605, 1607, 1609, 1611, 1701, 1703, 1705, 1707, 1709, 1711, 1801, 1803, 1805, 1807, 1809, 1811, 1901, 1903, 1905, 1907, 1909, 1911, 2001, 2003, 2005, 2007, 2009, 2011, 2101, 2103, 2105, 2107, 2109, 2111, 2201, 2203, 2205, 2207, 2209, 2211, 2301, 2303, 2305, 2307, 2309, 2311, 2401, 2403, 2405, 2407, 2409, 2411, 2501, 2503, 2505, 2507, 2509, 2511, 2601, 2603, 2605, 2607, 2609, 2611, Count: 84
Product ID: AG, Unique instrument IDs after last '|': 1209, 1210, 1211, 1212, 1301, 1302, 1303, 1304, 1305, 1306, 1307, 1308, 1309, 1310, 1311, 1312, 1401, 1402, 1403, 1404, 1405, 1406, 1407, 1408, 1409, 1410, 1411, 1412, 1501, 1502, 1503, 1504, 1505, 1506, 1507, 1508, 1509, 1510, 1511, 1512, 1601, 1602, 1603, 1604, 1605, 1606, 1607, 1608, 1609, 1610, 1611, 1612, 1701, 1702, 1703, 1704, 1705, 1706, 1707, 1708, 1709, 1710, 1711, 1712, 1801, 1802, 1803, 1804, 1805, 1806, 1807, 1808, 1809, 1810, 1811, 1812, 1901, 1902, 1903, 1904, 1905, 1906, 1907, 1908, 1909, 1910, 1911, 1912, 2001, 2002, 2003, 2004, 2005, 2006, 2007, 2008, 2009, 2010, 2011, 2012, 2101, 2102, 2103, 2104, 2105, 2106, 2107, 2108, 2109, 2110, 2111, 2112, 2201, 2202, 2203, 2204, 2205, 2206, 2207, 2208, 2209, 2210, 2211, 2212, 2301, 2302, 2303, 2304, 2305, 2306, 2307, 2308, 2309, 2310, 2311, 2312, 2401, 2402, 2403, 2404, 2405, 2406, 2407, 2408, 2409, 2410, 2411, 2412, 2501, 2502, 2503, 2504, 2505, 2506, 2507, 2508, 2509, 2510, 2511, 2512, 2601, 2602, 2603, 2604, 2605, 2606, 2607, 2608, 2609, 2610, 2611, 2612, Count: 172
Product ID: OI, Unique instrument IDs after last '|': 1307, 1309, 1311, 1401, 1403, 1405, 1407, 1409, 1411, 1501, 1503, 1505, 1507, 1509, 1511, 1601, 1603, 1605, 1607, 1609, 1611, 1701, 1703, 1705, 1707, 1709, 1711, 1801, 1803, 1805, 1807, 1809, 1811, 1901, 1903, 1905, 1907, 1909, 1911, 2001, 2003, 2005, 2007, 2009, 2011, 2101, 2103, 2105, 2107, 2109, 2111, 2201, 2203, 2205, 2207, 2209, 2211, 2301, 2303, 2305, 2307, 2309, 2311, 2401, 2403, 2405, 2407, 2409, 2411, 2501, 2503, 2505, 2507, 2509, 2511, 2601, 2603, 2605, 2607, 2609, 2611, Count: 81
Product ID: RI, Unique instrument IDs after last '|': 1307, 1309, 1311, 1401, 1403, 1405, 1407, 1409, 1411, 1501, 1503, 1505, 1507, 1509, 1511, 1601, 1603, 1605, 1607, 1609, 1611, 1701, 1703, 1705, 1707, 1709, 1711, 1801, 1803, 1805, 1807, 1809, 1811, 1901, 1903, 1905, 1907, 1909, 1911, 2001, 2003, 2005, 2007, 2009, 2011, 2101, 2103, 2105, 2107, 2109, 2111, 2201, 2203, 2205, 2207, 2209, 2211, 2301, 2303, 2305, 2307, 2309, 2311, 2401, 2403, 2405, 2407, 2409, 2411, 2501, 2503, 2505, 2507, 2509, 2511, 2601, 2603, 2605, 2607, 2609, 2611, Count: 81
Product ID: WH, Unique instrument IDs after last '|': 1307, 1309, 1311, 1401, 1403, 1405, 1407, 1409, 1411, 1501, 1503, 1505, 1507, 1509, 1511, 1601, 1603, 1605, 1607, 1609, 1611, 1701, 1703, 1705, 1707, 1709, 1711, 1801, 1803, 1805, 1807, 1809, 1811, 1901, 1903, 1905, 1907, 1909, 1911, 2001, 2003, 2005, 2007, 2009, 2011, 2101, 2103, 2105, 2107, 2109, 2111, 2201, 2203, 2205, 2207, 2209, 2211, 2301, 2303, 2305, 2307, 2309, 2311, 2401, 2403, 2405, 2407, 2409, 2411, 2501, 2503, 2505, 2507, 2509, 2511, 2601, 2603, 2605, 2607, 2609, 2611, Count: 81
Product ID: FG, Unique instrument IDs after last '|': 1303, 1304, 1305, 1306, 1307, 1308, 1309, 1310, 1311, 1312, 1401, 1402, 1403, 1404, 1405, 1406, 1407, 1408, 1409, 1410, 1411, 1412, 1501, 1502, 1503, 1504, 1505, 1506, 1507, 1508, 1509, 1510, 1511, 1512, 1601, 1602, 1603, 1604, 1605, 1606, 1607, 1608, 1609, 1610, 1611, 1612, 1701, 1702, 1703, 1704, 1705, 1706, 1707, 1708, 1709, 1710, 1711, 1712, 1801, 1802, 1803, 1804, 1805, 1806, 1807, 1808, 1809, 1810, 1811, 1812, 1901, 1902, 1903, 1904, 1905, 1906, 1907, 1908, 1909, 1910, 1911, 1912, 2001, 2002, 2003, 2004, 2005, 2006, 2007, 2008, 2009, 2010, 2011, 2012, 2101, 2102, 2103, 2104, 2105, 2106, 2107, 2108, 2109, 2110, 2111, 2112, 2201, 2202, 2203, 2204, 2205, 2206, 2207, 2208, 2209, 2210, 2211, 2212, 2301, 2302, 2303, 2304, 2305, 2306, 2307, 2308, 2309, 2310, 2311, 2312, 2401, 2402, 2403, 2404, 2405, 2406, 2407, 2408, 2409, 2410, 2411, 2412, 2501, 2502, 2503, 2504, 2505, 2506, 2507, 2508, 2509, 2510, 2511, 2512, 2601, 2602, 2603, 2604, 2605, 2606, 2607, 2608, 2609, 2610, 2611, 2612, Count: 166
Product ID: RM, Unique instrument IDs after last '|': 1305, 1307, 1308, 1309, 1311, 1401, 1403, 1405, 1407, 1408, 1409, 1411, 1501, 1503, 1505, 1507, 1508, 1509, 1511, 1601, 1603, 1605, 1607, 1608, 1609, 1611, 1701, 1703, 1705, 1707, 1708, 1709, 1711, 1801, 1803, 1805, 1807, 1808, 1809, 1811, 1901, 1903, 1905, 1907, 1908, 1909, 1911, 2001, 2003, 2005, 2007, 2008, 2009, 2011, 2101, 2103, 2105, 2107, 2108, 2109, 2111, 2201, 2203, 2205, 2207, 2208, 2209, 2211, 2301, 2303, 2305, 2307, 2308, 2309, 2311, 2401, 2403, 2405, 2407, 2408, 2409, 2411, 2501, 2503, 2505, 2507, 2508, 2509, 2511, 2601, 2603, 2605, 2607, 2608, 2609, 2611, Count: 96
Product ID: RS, Unique instrument IDs after last '|': 1307, 1308, 1309, 1311, 1407, 1408, 1409, 1411, 1507, 1508, 1509, 1511, 1607, 1608, 1609, 1611, 1707, 1708, 1709, 1711, 1807, 1808, 1809, 1811, 1907, 1908, 1909, 1911, 2007, 2008, 2009, 2011, 2107, 2108, 2109, 2111, 2207, 2208, 2209, 2211, 2307, 2308, 2309, 2311, 2407, 2408, 2409, 2411, 2507, 2508, 2509, 2511, 2607, 2608, 2609, 2611, Count: 56
Product ID: JM, Unique instrument IDs after last '|': 1307, 1308, 1309, 1310, 1311, 1312, 1401, 1402, 1403, 1404, 1405, 1406, 1407, 1408, 1409, 1410, 1411, 1412, 1501, 1502, 1503, 1504, 1505, 1506, 1507, 1508, 1509, 1510, 1511, 1512, 1601, 1602, 1603, 1604, 1605, 1606, 1607, 1608, 1609, 1610, 1611, 1612, 1701, 1702, 1703, 1704, 1705, 1706, 1707, 1708, 1709, 1710, 1711, 1712, 1801, 1802, 1803, 1804, 1805, 1806, 1807, 1808, 1809, 1810, 1811, 1812, 1901, 1902, 1903, 1904, 1905, 1906, 1907, 1908, 1909, 1910, 1911, 1912, 2001, 2002, 2003, 2004, 2005, 2006, 2007, 2008, 2009, 2010, 2011, 2012, 2101, 2102, 2103, 2104, 2105, 2106, 2107, 2108, 2109, 2110, 2111, 2112, 2201, 2202, 2203, 2204, 2205, 2206, 2207, 2208, 2209, 2210, 2211, 2212, 2301, 2302, 2303, 2304, 2305, 2306, 2307, 2308, 2309, 2310, 2311, 2312, 2401, 2402, 2403, 2404, 2405, 2406, 2407, 2408, 2409, 2410, 2411, 2412, 2501, 2502, 2503, 2504, 2505, 2506, 2507, 2508, 2509, 2510, 2511, 2512, 2601, 2602, 2603, 2604, 2605, 2606, 2607, 2608, 2609, 2610, 2611, 2612, Count: 162
Product ID: TF, Unique instrument IDs after last '|': 1312, 1403, 1406, 1409, 1412, 1503, 1506, 1509, 1512, 1603, 1606, 1609, 1612, 1703, 1706, 1709, 1712, 1803, 1806, 1809, 1812, 1903, 1906, 1909, 1912, 2003, 2006, 2009, 2012, 2103, 2106, 2109, 2112, 2203, 2206, 2209, 2212, 2303, 2306, 2309, 2312, 2403, 2406, 2409, 2412, 2503, 2506, 2509, 2512, 2603, 2606, 2609, Count: 52
Product ID: TC, Unique instrument IDs after last '|': 1312, 1401, 1402, 1403, 1404, 1405, 1406, 1407, 1408, 1409, 1410, 1411, 1412, 1501, 1502, 1503, 1504, 1505, 1506, 1507, 1508, 1509, 1510, 1511, 1512, 1601, 1602, 1603, 1604, Count: 29
Product ID: BU, Unique instrument IDs after last '|': 1402, 1403, 1406, 1409, 1412, 1503, 1506, 1509, 1404, 1405, 1512, 1407, 1408, 1603, 1410, 1411, 1606, 1501, 1502, 1609, 1504, 1505, 1612, 1507, 1508, 1703, 1510, 1511, 1706, 1601, 1602, 1709, 1604, 1605, 1712, 1607, 1608, 1803, 1610, 1611, 1806, 1701, 1702, 1809, 1704, 1705, 1812, 1707, 1708, 1903, 1710, 1711, 1906, 1801, 1802, 1909, 1804, 1805, 1912, 1807, 1808, 2003, 1810, 1811, 2006, 1901, 1902, 2009, 1904, 1905, 2012, 1907, 1908, 2103, 1910, 1911, 2106, 2001, 2002, 2109, 2004, 2005, 2112, 2007, 2008, 2203, 2010, 2011, 2206, 2101, 2102, 2209, 2104, 2105, 2212, 2107, 2108, 2303, 2110, 2111, 2306, 2201, 2202, 2309, 2204, 2205, 2312, 2207, 2208, 2210, 2211, 2301, 2302, 2403, 2304, 2305, 2406, 2307, 2308, 2409, 2310, 2311, 2412, 2401, 2402, 2503, 2404, 2405, 2506, 2407, 2408, 2509, 2410, 2411, 2512, 2501, 2502, 2603, 2504, 2505, 2606, 2507, 2508, 2609, 2510, 2511, 2612, 2601, 2602, 2703, 2604, 2605, 2706, 2607, 2608, 2709, 2610, 2611, 2712, Count: 159
Product ID: I, Unique instrument IDs after last '|': 1403, 1404, 1405, 1406, 1407, 1408, 1409, 1410, 1411, 1412, 1501, 1502, 1503, 1504, 1505, 1506, 1507, 1508, 1509, 1510, 1511, 1512, 1601, 1602, 1603, 1604, 1605, 1606, 1607, 1608, 1609, 1610, 1611, 1612, 1701, 1702, 1703, 1704, 1705, 1706, 1707, 1708, 1709, 1710, 1711, 1712, 1801, 1802, 1803, 1804, 1805, 1806, 1807, 1808, 1809, 1810, 1811, 1812, 1901, 1902, 1903, 1904, 1905, 1906, 1907, 1908, 1909, 1910, 1911, 1912, 2001, 2002, 2003, 2004, 2005, 2006, 2007, 2008, 2009, 2010, 2011, 2012, 2101, 2102, 2103, 2104, 2105, 2106, 2107, 2108, 2109, 2110, 2111, 2112, 2201, 2202, 2203, 2204, 2205, 2206, 2207, 2208, 2209, 2210, 2211, 2212, 2301, 2302, 2303, 2304, 2305, 2306, 2307, 2308, 2309, 2310, 2311, 2312, 2401, 2402, 2403, 2404, 2405, 2406, 2407, 2408, 2409, 2410, 2411, 2412, 2501, 2502, 2503, 2504, 2505, 2506, 2507, 2508, 2509, 2510, 2511, 2512, 2601, 2602, 2603, 2604, 2605, 2606, 2607, 2608, 2609, 2610, 2611, 2612, Count: 154
Product ID: JD, Unique instrument IDs after last '|': 1403, 1404, 1405, 1406, 1409, 1410, 1411, 1412, 1501, 1502, 1503, 1504, 1505, 1506, 1509, 1510, 1511, 1512, 1601, 1602, 1603, 1604, 1605, 1606, 1609, 1610, 1611, 1612, 1701, 1702, 1703, 1704, 1705, 1706, 1707, 1708, 1709, 1710, 1711, 1712, 1801, 1802, 1803, 1804, 1805, 1806, 1807, 1808, 1809, 1810, 1811, 1812, 1901, 1902, 1903, 1904, 1905, 1906, 1907, 1908, 1909, 1910, 1911, 1912, 2001, 2002, 2003, 2004, 2005, 2006, 2007, 2008, 2009, 2010, 2011, 2012, 2101, 2102, 2103, 2104, 2105, 2106, 2107, 2108, 2109, 2110, 2111, 2112, 2201, 2202, 2203, 2204, 2205, 2206, 2207, 2208, 2209, 2210, 2211, 2212, 2301, 2302, 2303, 2304, 2305, 2306, 2307, 2308, 2309, 2310, 2311, 2312, 2401, 2402, 2403, 2404, 2405, 2406, 2407, 2408, 2409, 2410, 2411, 2412, 2501, 2502, 2503, 2504, 2505, 2506, 2507, 2508, 2509, 2510, 2511, 2512, 2601, 2602, 2603, 2604, 2605, 2606, 2607, 2608, 2609, 2610, 2611, Count: 147
Product ID: JR, Unique instrument IDs after last '|': 1403, 1405, 1407, 1409, 1411, 1501, 1503, 1505, 1507, 1509, 1511, 1601, 1603, 1605, 1607, 1609, 1611, 1701, 1703, 1705, 1707, 1709, 1711, 1801, 1803, 1805, 1807, 1809, 1811, 1901, 1903, 1905, 1907, 1909, 1911, 2001, 2003, 2005, 2007, 2009, 2011, 2101, 2103, 2105, 2107, 2109, 2111, 2201, 2203, 2205, 2207, 2209, 2211, 2301, 2303, 2305, 2307, 2309, 2311, 2401, 2403, 2405, 2407, 2409, 2411, 2501, 2503, 2505, 2507, 2509, 2511, 2601, 2603, 2605, 2607, 2609, 2611, Count: 77
Product ID: BB, Unique instrument IDs after last '|': 1404, 1405, 1406, 1407, 1408, 1409, 1410, 1411, 1412, 1501, 1502, 1503, 1504, 1505, 1506, 1507, 1508, 1509, 1510, 1511, 1512, 1601, 1602, 1603, 1604, 1605, 1606, 1607, 1608, 1609, 1610, 1611, 1612, 1701, 1702, 1703, 1704, 1705, 1706, 1707, 1708, 1709, 1710, 1711, 1712, 1801, 1802, 1803, 1804, 1805, 1806, 1807, 1808, 1809, 1810, 1811, 1812, 1901, 1902, 1903, 1904, 1905, 1906, 1907, 1908, 1909, 1910, 1911, 1912, 2001, 2002, 2003, 2004, 2005, 2006, 2007, 2008, 2009, 2010, 2011, 2012, 2101, 2102, 2103, 2104, 2105, 2106, 2107, 2108, 2109, 2110, 2111, 2112, 2201, 2202, 2203, 2204, 2205, 2206, 2207, 2208, 2209, 2210, 2211, 2212, 2301, 2302, 2303, 2304, 2305, 2306, 2307, 2308, 2309, 2310, 2311, 2312, 2401, 2402, 2403, 2404, 2405, 2406, 2407, 2408, 2409, 2410, 2411, 2412, 2501, 2502, 2503, 2504, 2509, 2511, 2601, 2603, 2605, 2607, 2609, 2611, Count: 141
Product ID: FB, Unique instrument IDs after last '|': 1404, 1405, 1406, 1407, 1408, 1409, 1410, 1411, 1412, 1501, 1502, 1503, 1504, 1505, 1506, 1507, 1508, 1509, 1510, 1511, 1512, 1601, 1602, 1603, 1604, 1605, 1606, 1607, 1608, 1609, 1610, 1611, 1612, 1701, 1702, 1703, 1704, 1705, 1706, 1707, 1708, 1709, 1710, 1711, 1712, 1801, 1802, 1803, 1804, 1805, 1806, 1807, 1808, 1809, 1810, 1811, 1812, 1901, 1902, 1903, 1904, 1905, 1906, 1907, 1908, 1909, 1910, 1911, 1912, 2001, 2002, 2003, 2004, 2005, 2006, 2007, 2008, 2009, 2010, 2011, 2012, 2101, 2102, 2103, 2104, 2105, 2106, 2107, 2108, 2109, 2110, 2111, 2112, 2201, 2202, 2203, 2204, 2205, 2206, 2207, 2208, 2209, 2210, 2211, 2212, 2301, 2302, 2303, 2304, 2305, 2306, 2307, 2308, 2309, 2310, 2311, 2312, 2401, 2402, 2403, 2404, 2405, 2406, 2407, 2408, 2409, 2410, 2411, 2412, 2501, 2502, 2503, 2504, 2505, 2506, 2507, 2508, 2509, 2510, 2511, 2512, 2601, 2602, 2603, 2604, 2605, 2606, 2607, 2608, 2609, 2610, 2611, 2612, Count: 153
Product ID: PP, Unique instrument IDs after last '|': 1405, 1406, 1407, 1408, 1409, 1410, 1411, 1412, 1501, 1502, 1503, 1504, 1505, 1506, 1507, 1508, 1509, 1510, 1511, 1512, 1601, 1602, 1603, 1604, 1605, 1606, 1607, 1608, 1609, 1610, 1611, 1612, 1701, 1702, 1703, 1704, 1705, 1706, 1707, 1708, 1709, 1710, 1711, 1712, 1801, 1802, 1803, 1804, 1805, 1806, 1807, 1808, 1809, 1810, 1811, 1812, 1901, 1902, 1903, 1904, 1905, 1906, 1907, 1908, 1909, 1910, 1911, 1912, 2001, 2002, 2003, 2004, 2005, 2006, 2007, 2008, 2009, 2010, 2011, 2012, 2101, 2102, 2103, 2104, 2105, 2106, 2107, 2108, 2109, 2110, 2111, 2112, 2201, 2202, 2203, 2204, 2205, 2206, 2207, 2208, 2209, 2210, 2211, 2212, 2301, 2302, 2303, 2304, 2305, 2306, 2307, 2308, 2309, 2310, 2311, 2312, 2401, 2402, 2403, 2404, 2405, 2406, 2407, 2408, 2409, 2410, 2411, 2412, 2501, 2502, 2503, 2504, 2505, 2506, 2507, 2508, 2509, 2510, 2511, 2512, 2601, 2602, 2603, 2604, 2605, 2606, 2607, 2608, 2609, 2610, 2611, 2612, Count: 152
Product ID: HC, Unique instrument IDs after last '|': 1407, 1408, 1409, 1410, 1411, 1412, 1501, 1502, 1503, 1504, 1505, 1506, 1507, 1508, 1509, 1510, 1511, 1512, 1601, 1602, 1603, 1604, 1605, 1606, 1607, 1608, 1609, 1610, 1611, 1612, 1701, 1702, 1703, 1704, 1705, 1706, 1707, 1708, 1709, 1710, 1711, 1712, 1801, 1802, 1803, 1804, 1805, 1806, 1807, 1808, 1809, 1810, 1811, 1812, 1901, 1902, 1903, 1904, 1905, 1906, 1907, 1908, 1909, 1910, 1911, 1912, 2001, 2002, 2003, 2004, 2005, 2006, 2007, 2008, 2009, 2010, 2011, 2012, 2101, 2102, 2103, 2104, 2105, 2106, 2107, 2108, 2109, 2110, 2111, 2112, 2201, 2202, 2203, 2204, 2205, 2206, 2207, 2208, 2209, 2210, 2211, 2212, 2301, 2302, 2303, 2304, 2305, 2306, 2307, 2308, 2309, 2310, 2311, 2312, 2401, 2402, 2403, 2404, 2405, 2406, 2407, 2408, 2409, 2410, 2411, 2412, 2501, 2502, 2503, 2504, 2505, 2506, 2507, 2508, 2509, 2510, 2511, 2512, 2601, 2602, 2603, 2604, 2605, 2606, 2607, 2608, 2609, 2610, 2611, 2612, Count: 150
Product ID: MA, Unique instrument IDs after last '|': 1506, 1507, 1508, 1509, 1510, 1511, 1512, 1601, 1602, 1603, 1604, 1605, 1606, 1607, 1608, 1609, 1610, 1611, 1612, 1701, 1702, 1703, 1704, 1705, 1706, 1707, 1708, 1709, 1710, 1711, 1712, 1801, 1802, 1803, 1804, 1805, 1806, 1807, 1808, 1809, 1810, 1811, 1812, 1901, 1902, 1903, 1904, 1905, 1906, 1907, 1908, 1909, 1910, 1911, 1912, 2001, 2002, 2003, 2004, 2005, 2006, 2007, 2008, 2009, 2010, 2011, 2012, 2101, 2102, 2103, 2104, 2105, 2106, 2107, 2108, 2109, 2110, 2111, 2112, 2201, 2202, 2203, 2204, 2205, 2206, 2207, 2208, 2209, 2210, 2211, 2212, 2301, 2302, 2303, 2304, 2305, 2306, 2307, 2308, 2309, 2310, 2311, 2312, 2401, 2402, 2403, 2404, 2405, 2406, 2407, 2408, 2409, 2410, 2411, 2412, 2501, 2502, 2503, 2504, 2505, 2506, 2507, 2508, 2509, 2510, 2511, 2512, 2601, 2602, 2603, 2604, 2605, 2606, 2607, 2608, 2609, 2610, 2611, 2612, Count: 139
Product ID: LR, Unique instrument IDs after last '|': 1411, 1501, 1503, 1505, 1507, 1509, 1511, 1601, 1603, 1605, 1607, 1609, 1611, 1701, 1703, 1705, 1707, 1709, 1711, 1801, 1803, 1805, 1807, 1809, 1811, 1901, 1903, 1905, 1907, 1909, 1911, 2001, 2003, 2005, 2007, 2011, 2101, 2103, 2105, 2107, 2109, 2111, 2201, 2203, 2205, 2207, 2209, 2211, 2301, 2303, 2305, 2307, 2309, 2311, 2401, 2403, 2405, 2407, 2409, 2411, 2501, 2503, 2505, 2507, 2509, 2511, 2601, Count: 67
Product ID: SF, Unique instrument IDs after last '|': 1411, 1412, 1501, 1502, 1503, 1504, 1505, 1506, 1507, 1508, 1509, 1510, 1511, 1512, 1601, 1602, 1603, 1604, 1605, 1606, 1607, 1608, 1609, 1610, 1611, 1612, 1701, 1702, 1703, 1704, 1705, 1706, 1707, 1708, 1709, 1710, 1711, 1712, 1801, 1802, 1803, 1804, 1805, 1806, 1807, 1808, 1809, 1810, 1811, 1812, 1901, 1902, 1903, 1904, 1905, 1906, 1907, 1908, 1909, 1910, 1911, 1912, 2001, 2002, 2003, 2004, 2005, 2006, 2007, 2008, 2009, 2010, 2011, 2012, 2101, 2102, 2103, 2104, 2105, 2106, 2107, 2108, 2109, 2110, 2111, 2112, 2201, 2202, 2203, 2204, 2205, 2206, 2207, 2208, 2209, 2210, 2211, 2212, 2301, 2302, 2303, 2304, 2305, 2306, 2307, 2308, 2309, 2310, 2311, 2312, 2401, 2402, 2403, 2404, 2405, 2406, 2407, 2408, 2409, 2410, 2411, 2412, 2501, 2502, 2503, 2504, 2505, 2506, 2507, 2508, 2509, 2510, 2511, 2512, 2601, 2602, 2603, 2604, 2605, 2606, 2607, 2608, 2609, 2610, 2611, 2612, Count: 146
Product ID: SM, Unique instrument IDs after last '|': 1411, 1412, 1501, 1502, 1503, 1504, 1505, 1506, 1507, 1508, 1509, 1510, 1511, 1512, 1601, 1602, 1603, 1604, 1605, 1606, 1607, 1608, 1609, 1610, 1611, 1612, 1701, 1702, 1703, 1704, 1705, 1706, 1707, 1708, 1709, 1710, 1711, 1712, 1801, 1802, 1803, 1804, 1805, 1806, 1807, 1808, 1809, 1810, 1811, 1812, 1901, 1902, 1903, 1904, 1905, 1906, 1907, 1908, 1909, 1910, 1911, 1912, 2001, 2002, 2003, 2004, 2005, 2006, 2007, 2008, 2009, 2010, 2011, 2012, 2101, 2102, 2103, 2104, 2105, 2106, 2107, 2108, 2109, 2110, 2111, 2112, 2201, 2202, 2203, 2204, 2205, 2206, 2207, 2208, 2209, 2210, 2211, 2212, 2301, 2302, 2303, 2304, 2305, 2306, 2307, 2308, 2309, 2310, 2311, 2312, 2401, 2402, 2403, 2404, 2405, 2406, 2407, 2408, 2409, 2410, 2411, 2412, 2501, 2502, 2503, 2504, 2505, 2506, 2507, 2508, 2509, 2510, 2511, 2512, 2601, 2602, 2603, 2604, 2605, 2606, 2607, 2608, 2609, 2610, 2611, 2612, Count: 146
Product ID: CS, Unique instrument IDs after last '|': 1503, 1505, 1507, 1509, 1511, 1601, 1603, 1605, 1607, 1609, 1611, 1701, 1703, 1705, 1707, 1709, 1711, 1801, 1803, 1805, 1807, 1809, 1811, 1901, 1903, 1905, 1907, 1909, 1911, 2001, 2003, 2005, 2007, 2009, 2011, 2101, 2103, 2105, 2107, 2109, 2111, 2201, 2203, 2205, 2207, 2209, 2211, 2301, 2303, 2305, 2307, 2309, 2311, 2401, 2403, 2405, 2407, 2409, 2411, 2501, 2503, 2505, 2507, 2509, 2511, 2601, 2603, 2605, 2607, 2609, 2611, Count: 71
Product ID: T, Unique instrument IDs after last '|': 1509, 1512, 1603, 1606, 1609, 1612, 1703, 1706, 1709, 1712, 1803, 1806, 1809, 1812, 1903, 1906, 1909, 1912, 2003, 2006, 2009, 2012, 2103, 2106, 2109, 2112, 2203, 2206, 2209, 2212, 2303, 2306, 2309, 2312, 2403, 2406, 2409, 2412, 2503, 2506, 2509, 2512, 2603, 2606, 2609, Count: 45
Product ID: NI, Unique instrument IDs after last '|': 1507, 1508, 1509, 1510, 1511, 1512, 1601, 1602, 1603, 1604, 1605, 1606, 1607, 1608, 1609, 1610, 1611, 1612, 1701, 1702, 1703, 1704, 1705, 1706, 1707, 1708, 1709, 1710, 1711, 1712, 1801, 1802, 1803, 1804, 1805, 1806, 1807, 1808, 1809, 1810, 1811, 1812, 1901, 1902, 1903, 1904, 1905, 1906, 1907, 1908, 1909, 1910, 1911, 1912, 2001, 2002, 2003, 2004, 2005, 2006, 2007, 2008, 2009, 2010, 2011, 2012, 2101, 2102, 2103, 2104, 2105, 2106, 2107, 2108, 2109, 2110, 2111, 2112, 2201, 2202, 2203, 2204, 2205, 2206, 2207, 2208, 2209, 2210, 2211, 2212, 2301, 2302, 2303, 2304, 2305, 2306, 2307, 2308, 2309, 2310, 2311, 2312, 2401, 2402, 2403, 2404, 2405, 2406, 2407, 2408, 2409, 2410, 2411, 2412, 2501, 2502, 2503, 2504, 2505, 2506, 2507, 2508, 2509, 2510, 2511, 2512, 2601, 2602, 2603, 2604, 2605, 2606, 2607, 2608, 2609, 2610, 2611, 2612, Count: 138
Product ID: SN, Unique instrument IDs after last '|': 1507, 1508, 1509, 1510, 1511, 1512, 1601, 1602, 1603, 1604, 1605, 1606, 1607, 1608, 1609, 1610, 1611, 1612, 1701, 1702, 1703, 1704, 1705, 1706, 1707, 1708, 1709, 1710, 1711, 1712, 1801, 1802, 1803, 1804, 1805, 1806, 1807, 1808, 1809, 1810, 1811, 1812, 1901, 1902, 1903, 1904, 1905, 1906, 1907, 1908, 1909, 1910, 1911, 1912, 2001, 2002, 2003, 2004, 2005, 2006, 2007, 2008, 2009, 2010, 2011, 2012, 2101, 2102, 2103, 2104, 2105, 2106, 2107, 2108, 2109, 2110, 2111, 2112, 2201, 2202, 2203, 2204, 2205, 2206, 2207, 2208, 2209, 2210, 2211, 2212, 2301, 2302, 2303, 2304, 2305, 2306, 2307, 2308, 2309, 2310, 2311, 2312, 2401, 2402, 2403, 2404, 2405, 2406, 2407, 2408, 2409, 2410, 2411, 2412, 2501, 2502, 2503, 2504, 2505, 2506, 2507, 2508, 2509, 2510, 2511, 2512, 2601, 2602, 2603, 2604, 2605, 2606, 2607, 2608, 2609, 2610, 2611, 2612, Count: 138
Product ID: IC, Unique instrument IDs after last '|': 1505, 1506, 1509, 1512, 1507, 1508, 1603, 1510, 1511, 1606, 1601, 1602, 1609, 1604, 1605, 1612, 1607, 1608, 1703, 1610, 1611, 1706, 1701, 1702, 1709, 1704, 1705, 1712, 1707, 1708, 1803, 1710, 1711, 1806, 1801, 1802, 1809, 1804, 1805, 1812, 1807, 1808, 1903, 1810, 1811, 1906, 1901, 1902, 1909, 1904, 1905, 1912, 1907, 1908, 2003, 1910, 1911, 2006, 2001, 2002, 2009, 2004, 2005, 2012, 2007, 2008, 2103, 2010, 2011, 2106, 2101, 2102, 2109, 2104, 2105, 2112, 2107, 2108, 2203, 2110, 2111, 2206, 2201, 2202, 2209, 2204, 2205, 2212, 2207, 2208, 2303, 2210, 2211, 2306, 2301, 2302, 2309, 2304, 2305, 2312, 2307, 2308, 2403, 2310, 2311, 2406, 2401, 2402, 2409, 2404, 2405, 2412, 2407, 2408, 2503, 2410, 2411, 2506, 2501, 2502, 2509, 2504, 2505, 2512, 2507, 2508, 2603, 2510, 2511, 2606, 2601, Count: 131
Product ID: IH, Unique instrument IDs after last '|': 1505, 1506, 1509, 1512, 1507, 1508, 1603, 1510, 1511, 1606, 1601, 1602, 1609, 1604, 1605, 1612, 1607, 1608, 1703, 1610, 1611, 1706, 1701, 1702, 1709, 1704, 1705, 1712, 1707, 1708, 1803, 1710, 1711, 1806, 1801, 1802, 1809, 1804, 1805, 1812, 1807, 1808, 1903, 1810, 1811, 1906, 1901, 1902, 1909, 1904, 1905, 1912, 1907, 1908, 2003, 1910, 1911, 2006, 2001, 2002, 2009, 2004, 2005, 2012, 2007, 2008, 2103, 2010, 2011, 2106, 2101, 2102, 2109, 2104, 2105, 2112, 2107, 2108, 2203, 2110, 2111, 2206, 2201, 2202, 2209, 2204, 2205, 2212, 2207, 2208, 2303, 2210, 2211, 2306, 2301, 2302, 2309, 2304, 2305, 2312, 2307, 2308, 2403, 2310, 2311, 2406, 2401, 2402, 2409, 2404, 2405, 2412, 2407, 2408, 2503, 2410, 2411, 2506, 2501, 2502, 2509, 2504, 2505, 2512, 2507, 2508, 2603, 2510, 2511, 2606, 2601, Count: 131
Product ID: ZC, Unique instrument IDs after last '|': 1605, 1606, 1607, 1608, 1609, 1610, 1611, 1612, 1701, 1702, 1703, 1704, 1705, 1706, 1707, 1708, 1709, 1710, 1711, 1712, 1801, 1802, 1803, 1804, 1805, 1806, 1807, 1808, 1809, 1810, 1811, 1812, 1901, 1902, 1903, 1904, 1905, 1906, 1907, 1908, 1909, 1910, 1911, 1912, 2001, 2002, 2003, 2004, 2005, 2006, 2007, 2008, 2009, 2010, 2011, 2012, 2101, 2102, 2103, 2104, 2105, 2106, 2107, 2108, 2109, 2110, 2111, 2112, 2201, 2202, 2203, 2204, 2205, 2206, 2207, 2208, 2209, 2210, 2211, 2212, 2301, 2302, 2303, 2304, 2305, 2306, 2307, 2308, 2309, 2310, 2311, 2312, 2401, 2402, 2403, 2404, 2405, 2406, 2407, 2408, 2409, 2410, 2411, 2412, 2501, 2502, 2503, 2504, 2505, 2506, 2507, 2508, 2509, 2510, 2511, 2512, 2601, 2602, 2603, 2604, 2605, 2606, 2607, 2608, 2609, 2610, 2611, 2612, Count: 128
Product ID: CY, Unique instrument IDs after last '|': 1801, 1802, 1803, 1804, 1805, 1806, 1807, 1808, 1809, 1810, 1811, 1812, 1901, 1902, 1903, 1904, 1905, 1906, 1907, 1908, 1909, 1910, 1911, 1912, 2001, 2002, 2003, 2004, 2005, 2006, 2007, 2008, 2009, 2010, 2011, 2012, 2101, 2102, 2103, 2104, 2105, 2106, 2107, 2108, 2109, 2110, 2111, 2112, 2201, 2202, 2203, 2204, 2205, 2206, 2207, 2208, 2209, 2210, 2211, 2212, 2301, 2302, 2303, 2304, 2305, 2306, 2307, 2308, 2309, 2310, 2311, 2312, 2401, 2402, 2403, 2404, 2405, 2406, 2407, 2408, 2409, 2410, 2411, 2412, 2501, 2502, 2503, 2504, 2505, 2506, 2507, 2508, 2509, 2510, 2511, 2512, 2601, 2602, 2603, 2604, 2605, 2606, 2607, 2608, 2609, 2610, 2611, 2612, Count: 108
Product ID: AP, Unique instrument IDs after last '|': 1805, 1807, 1810, 1811, 1812, 1901, 1903, 1905, 1907, 1910, 1911, 1912, 2001, 2003, 2005, 2007, 2010, 2011, 2012, 2101, 2103, 2105, 2110, 2111, 2112, 2201, 2203, 2204, 2205, 2210, 2211, 2212, 2301, 2303, 2304, 2305, 2310, 2311, 2312, 2401, 2403, 2404, 2405, 2410, 2411, 2412, 2501, 2503, 2504, 2505, 2510, 2511, 2512, 2601, 2603, 2604, 2605, 2610, 2611, 2612, Count: 60
Product ID: SC, Unique instrument IDs after last '|': 1809, 1810, 1811, 1812, 1901, 1902, 1903, 1906, 1909, 1912, 2003, 2006, 2009, 2012, 2103, 1904, 1905, 2106, 1907, 1908, 2109, 1910, 1911, 2112, 2001, 2002, 2203, 2004, 2005, 2206, 2007, 2008, 2209, 2010, 2011, 2212, 2101, 2102, 2303, 2104, 2105, 2306, 2107, 2108, 2309, 2110, 2111, 2312, 2201, 2202, 2403, 2204, 2205, 2406, 2207, 2208, 2409, 2210, 2211, 2412, 2301, 2302, 2503, 2304, 2305, 2506, 2307, 2308, 2509, 2310, 2311, 2512, 2401, 2402, 2603, 2404, 2405, 2606, 2407, 2408, 2609, 2410, 2411, 2612, 2501, 2502, 2703, 2504, 2505, 2706, 2507, 2508, 2709, 2510, 2511, 2712, 2601, 2602, 2803, 2604, 2605, 2806, 2607, 2608, 2809, 2610, 2611, 2812, Count: 108
Product ID: TS, Unique instrument IDs after last '|': 1812, 1903, 1906, 1909, 1912, 2003, 2006, 2009, 2012, 2103, 2106, 2109, 2112, 2203, 2206, 2209, 2212, 2303, 2306, 2309, 2312, 2403, 2406, 2409, 2412, 2503, 2506, 2509, 2512, 2603, 2606, 2609, Count: 32
Product ID: SP, Unique instrument IDs after last '|': 1906, 1907, 1908, 1909, 1910, 1911, 1912, 2001, 2002, 2003, 2004, 2005, 2006, 2007, 2008, 2009, 2010, 2011, 2012, 2101, 2102, 2103, 2104, 2105, 2106, 2107, 2108, 2109, 2110, 2111, 2112, 2201, 2202, 2203, 2204, 2205, 2206, 2207, 2208, 2209, 2210, 2211, 2212, 2301, 2302, 2303, 2304, 2305, 2306, 2307, 2308, 2309, 2310, 2311, 2312, 2401, 2402, 2403, 2404, 2405, 2406, 2407, 2408, 2409, 2410, 2411, 2412, 2501, 2502, 2503, 2504, 2505, 2506, 2507, 2508, 2509, 2510, 2511, 2512, 2601, 2602, 2603, 2604, 2605, 2606, 2607, 2608, 2609, 2610, 2611, 2612, Count: 91
Product ID: EG, Unique instrument IDs after last '|': 1906, 1907, 1908, 1909, 1910, 1911, 1912, 2001, 2002, 2003, 2004, 2005, 2006, 2007, 2008, 2009, 2010, 2011, 2012, 2101, 2102, 2103, 2104, 2105, 2106, 2107, 2108, 2109, 2110, 2111, 2112, 2201, 2202, 2203, 2204, 2205, 2206, 2207, 2208, 2209, 2210, 2211, 2212, 2301, 2302, 2303, 2304, 2305, 2306, 2307, 2308, 2309, 2310, 2311, 2312, 2401, 2402, 2403, 2404, 2405, 2406, 2407, 2408, 2409, 2410, 2411, 2412, 2501, 2502, 2503, 2504, 2505, 2506, 2507, 2508, 2509, 2510, 2511, 2512, 2601, 2602, 2603, 2604, 2605, 2606, 2607, 2608, 2609, 2610, 2611, Count: 90
Product ID: CJ, Unique instrument IDs after last '|': 1912, 2001, 2003, 2005, 2007, 2009, 2012, 2101, 2103, 2105, 2107, 2109, 2112, 2201, 2203, 2205, 2207, 2209, 2212, 2301, 2303, 2305, 2307, 2309, 2312, 2401, 2403, 2405, 2407, 2409, 2412, 2501, 2503, 2505, 2507, 2509, 2512, 2601, 2603, 2605, 2607, 2609, 2612, Count: 43
Product ID: UR, Unique instrument IDs after last '|': 2001, 2002, 2003, 2004, 2005, 2006, 2007, 2008, 2009, 2010, 2011, 2012, 2101, 2102, 2103, 2104, 2105, 2106, 2107, 2108, 2109, 2110, 2111, 2112, 2201, 2202, 2203, 2204, 2205, 2206, 2207, 2208, 2209, 2210, 2211, 2212, 2301, 2302, 2303, 2304, 2305, 2306, 2307, 2308, 2309, 2310, 2311, 2312, 2401, 2402, 2403, 2404, 2405, 2406, 2407, 2408, 2409, 2410, 2411, 2412, 2501, 2502, 2503, 2504, 2505, 2506, 2507, 2508, 2509, 2510, 2511, 2512, 2601, 2602, 2603, 2604, 2605, 2606, 2607, 2608, 2609, 2610, 2611, 2612, Count: 84
Product ID: NR, Unique instrument IDs after last '|': 2002, 2003, 2004, 2005, 2006, 2007, 2008, 2009, 2010, 2011, 2012, 2101, 2102, 2103, 2104, 2105, 2106, 2107, 2108, 2109, 2110, 2111, 2112, 2201, 2202, 2203, 2204, 2205, 2206, 2207, 2208, 2209, 2210, 2211, 2212, 2301, 2302, 2303, 2304, 2305, 2306, 2307, 2308, 2309, 2310, 2311, 2312, 2401, 2402, 2403, 2404, 2405, 2406, 2407, 2408, 2409, 2410, 2411, 2412, 2501, 2502, 2503, 2504, 2505, 2506, 2507, 2508, 2509, 2510, 2511, 2512, 2601, 2602, 2603, 2604, 2605, 2606, 2607, 2608, 2609, 2610, 2611, 2612, Count: 83
Product ID: RR, Unique instrument IDs after last '|': 2001, 2002, 2003, 2004, 2005, 2006, 2007, 2008, 2009, 2010, 2011, 2012, 2101, 2102, 2103, 2104, 2105, 2106, 2107, 2108, 2109, 2110, 2111, 2112, 2201, 2202, 2203, 2204, 2205, 2206, 2207, 2208, 2209, 2210, 2211, 2212, 2301, 2302, 2303, 2304, 2305, 2306, 2307, 2308, 2309, 2310, 2311, 2312, 2401, 2402, 2403, 2404, 2405, 2406, 2407, 2408, 2409, 2410, 2411, 2412, 2501, 2502, 2503, 2504, 2505, 2506, 2507, 2508, 2509, 2510, 2511, 2512, 2601, 2602, 2603, 2604, 2605, 2606, 2607, 2608, 2609, 2610, 2611, 2612, Count: 84
Product ID: SS, Unique instrument IDs after last '|': 2002, 2003, 2004, 2005, 2006, 2007, 2008, 2009, 2010, 2011, 2012, 2101, 2102, 2103, 2104, 2105, 2106, 2107, 2108, 2109, 2110, 2111, 2112, 2201, 2202, 2203, 2204, 2205, 2206, 2207, 2208, 2209, 2210, 2211, 2212, 2301, 2302, 2303, 2304, 2305, 2306, 2307, 2308, 2309, 2310, 2311, 2312, 2401, 2402, 2403, 2404, 2405, 2406, 2407, 2408, 2409, 2410, 2411, 2412, 2501, 2502, 2503, 2504, 2505, 2506, 2507, 2508, 2509, 2510, 2511, 2512, 2601, 2602, 2603, 2604, 2605, 2606, 2607, 2608, 2609, 2610, 2611, 2612, Count: 83
Product ID: EB, Unique instrument IDs after last '|': 2004, 2005, 2006, 2007, 2008, 2009, 2010, 2011, 2012, 2101, 2102, 2103, 2104, 2105, 2106, 2107, 2108, 2109, 2110, 2111, 2112, 2201, 2202, 2203, 2204, 2205, 2206, 2207, 2208, 2209, 2210, 2211, 2212, 2301, 2302, 2303, 2304, 2305, 2306, 2307, 2308, 2309, 2310, 2311, 2312, 2401, 2402, 2403, 2404, 2405, 2406, 2407, 2408, 2409, 2410, 2411, 2412, 2501, 2502, 2503, 2504, 2505, 2506, 2507, 2508, 2509, 2510, 2511, 2512, 2601, 2602, 2603, 2604, 2605, 2606, 2607, 2608, 2609, 2610, 2611, Count: 80
Product ID: SA, Unique instrument IDs after last '|': 2005, 2006, 2007, 2008, 2009, 2010, 2011, 2012, 2101, 2102, 2103, 2104, 2105, 2106, 2107, 2108, 2109, 2110, 2111, 2112, 2201, 2202, 2203, 2204, 2205, 2206, 2207, 2208, 2209, 2210, 2211, 2212, 2301, 2302, 2303, 2304, 2305, 2306, 2307, 2308, 2309, 2310, 2311, 2312, 2401, 2402, 2403, 2404, 2405, 2406, 2407, 2408, 2409, 2410, 2411, 2412, 2501, 2502, 2503, 2504, 2505, 2506, 2507, 2508, 2509, 2510, 2511, 2512, 2601, 2602, 2603, 2604, 2605, 2606, 2607, 2608, 2609, 2610, 2611, 2612, Count: 80
Product ID: PG, Unique instrument IDs after last '|': 2011, 2012, 2101, 2102, 2103, 2104, 2105, 2106, 2107, 2108, 2109, 2110, 2111, 2112, 2201, 2202, 2203, 2204, 2205, 2206, 2207, 2208, 2209, 2210, 2211, 2212, 2301, 2302, 2303, 2304, 2305, 2306, 2307, 2308, 2309, 2310, 2311, 2312, 2401, 2402, 2403, 2404, 2405, 2406, 2407, 2408, 2409, 2410, 2411, 2412, 2501, 2502, 2503, 2504, 2505, 2506, 2507, 2508, 2509, 2510, 2511, 2512, 2601, 2602, 2603, 2604, 2605, 2606, 2607, 2608, 2609, 2610, 2611, Count: 73
Product ID: LU, Unique instrument IDs after last '|': 2101, 2102, 2103, 2104, 2105, 2106, 2107, 2108, 2109, 2110, 2111, 2112, 2201, 2202, 2203, 2204, 2205, 2206, 2207, 2208, 2209, 2210, 2211, 2212, 2301, 2302, 2303, 2304, 2305, 2306, 2307, 2308, 2309, 2310, 2311, 2312, 2401, 2402, 2403, 2404, 2405, 2406, 2407, 2408, 2409, 2410, 2411, 2412, 2501, 2502, 2503, 2504, 2505, 2506, 2507, 2508, 2509, 2510, 2511, 2512, 2601, 2602, 2603, 2604, 2605, 2606, 2607, 2608, 2609, 2610, 2611, 2612, Count: 72
Product ID: PF, Unique instrument IDs after last '|': 2105, 2106, 2107, 2108, 2109, 2110, 2111, 2112, 2201, 2202, 2203, 2204, 2205, 2206, 2207, 2208, 2209, 2210, 2211, 2212, 2301, 2302, 2303, 2304, 2305, 2306, 2307, 2308, 2309, 2310, 2311, 2312, 2401, 2402, 2403, 2404, 2405, 2406, 2407, 2408, 2409, 2410, 2411, 2412, 2501, 2502, 2503, 2504, 2505, 2506, 2507, 2508, 2509, 2510, 2511, 2512, 2601, 2602, 2603, 2604, 2605, 2606, 2607, 2608, 2609, 2610, 2611, 2612, Count: 68
Product ID: BC, Unique instrument IDs after last '|': 2103, 2104, 2105, 2106, 2107, 2108, 2109, 2110, 2111, 2112, 2201, 2202, 2203, 2204, 2205, 2206, 2207, 2208, 2209, 2210, 2211, 2212, 2301, 2302, 2303, 2304, 2305, 2306, 2307, 2308, 2309, 2310, 2311, 2312, 2401, 2402, 2403, 2404, 2405, 2406, 2407, 2408, 2409, 2410, 2411, 2412, 2501, 2502, 2503, 2504, 2505, 2506, 2507, 2508, 2509, 2510, 2511, 2512, 2601, 2602, 2603, 2604, 2605, 2606, 2607, 2608, 2609, 2610, 2611, 2612, Count: 70
Product ID: LH, Unique instrument IDs after last '|': 2109, 2111, 2201, 2203, 2205, 2207, 2209, 2211, 2301, 2303, 2305, 2307, 2309, 2311, 2401, 2403, 2405, 2407, 2409, 2411, 2501, 2503, 2505, 2507, 2509, 2511, 2601, 2603, 2605, 2607, 2609, 2611, Count: 32
Product ID: PK, Unique instrument IDs after last '|': 2110, 2111, 2112, 2201, 2203, 2204, 2210, 2211, 2212, 2301, 2303, 2304, 2310, 2311, 2312, 2401, 2403, 2404, 2410, 2411, 2412, 2501, 2503, 2504, 2505, 2510, 2511, 2512, 2601, 2603, 2604, 2605, 2610, 2611, 2612, Count: 35
Product ID: IM, Unique instrument IDs after last '|': 2208, 2209, 2212, 2303, 2210, 2211, 2306, 2301, 2302, 2309, 2304, 2305, 2312, 2307, 2308, 2403, 2310, 2311, 2406, 2401, 2402, 2409, 2404, 2405, 2412, 2407, 2408, 2503, 2410, 2411, 2506, 2501, 2502, 2509, 2504, 2505, 2512, 2507, 2508, 2603, 2510, 2511, 2606, 2601, Count: 44
Product ID: SI, Unique instrument IDs after last '|': 2308, 2309, 2310, 2311, 2312, 2401, 2402, 2403, 2404, 2405, 2406, 2407, 2408, 2409, 2410, 2411, 2412, 2501, 2502, 2503, 2504, 2505, 2506, 2507, 2508, 2509, 2510, 2511, 2512, 2601, 2602, 2603, 2604, 2605, 2606, 2607, 2608, 2609, 2610, 2611, 2612, Count: 41
Product ID: TL, Unique instrument IDs after last '|': 2306, 2309, 2312, 2403, 2406, 2409, 2412, 2503, 2506, 2509, 2512, 2603, 2606, 2609, Count: 14
Product ID: AO, Unique instrument IDs after last '|': 2311, 2312, 2401, 2402, 2403, 2404, 2405, 2406, 2407, 2408, 2409, 2410, 2411, 2412, 2501, 2502, 2503, 2504, 2505, 2506, 2507, 2508, 2509, 2510, 2511, 2512, 2601, 2602, 2603, 2604, 2605, 2606, 2607, 2608, 2609, 2610, 2611, 2612, Count: 38
Product ID: LC, Unique instrument IDs after last '|': 2401, 2402, 2403, 2404, 2405, 2406, 2407, 2408, 2409, 2410, 2411, 2412, 2501, 2502, 2503, 2504, 2505, 2506, 2507, 2508, 2509, 2510, 2511, 2512, 2601, 2602, 2603, 2604, 2605, 2606, 2607, 2608, 2609, 2610, 2611, 2612, Count: 36
Product ID: BR, Unique instrument IDs after last '|': 2401, 2402, 2403, 2404, 2405, 2406, 2407, 2408, 2409, 2410, 2411, 2412, 2501, 2502, 2503, 2504, 2505, 2506, 2507, 2508, 2509, 2510, 2511, 2512, 2601, 2602, 2603, 2604, 2605, 2606, 2607, 2608, 2609, 2610, 2611, 2612, Count: 36
Product ID: EC, Unique instrument IDs after last '|': 2404, 2406, 2408, 2410, 2412, 2502, 2504, 2506, 2508, 2510, 2512, 2602, 2604, 2606, 2608, 2610, Count: 16
Product ID: PX, Unique instrument IDs after last '|': 2405, 2406, 2407, 2408, 2409, 2410, 2411, 2412, 2501, 2502, 2503, 2504, 2505, 2506, 2507, 2508, 2509, 2510, 2511, 2512, 2601, 2602, 2603, 2604, 2605, 2606, 2607, 2608, 2609, 2610, 2611, 2612, Count: 32
Product ID: SH, Unique instrument IDs after last '|': 2405, 2406, 2407, 2408, 2409, 2410, 2411, 2412, 2501, 2502, 2503, 2504, 2505, 2506, 2507, 2508, 2509, 2510, 2511, 2512, 2601, 2602, 2603, 2604, 2605, 2606, 2607, 2608, 2609, 2610, 2611, 2612, Count: 32
Product ID: PR, Unique instrument IDs after last '|': 2503, 2504, 2505, 2506, 2507, 2508, 2509, 2510, 2511, 2512, 2601, 2602, 2603, 2604, 2605, 2606, 2607, 2608, 2609, 2610, 2611, 2612, Count: 22
Product ID: LG, Unique instrument IDs after last '|': 2507, 2509, 2511, 2601, 2603, 2605, 2607, 2609, 2611, Count: 9
Product ID: PS, Unique instrument IDs after last '|': 2506, 2507, 2508, 2509, 2510, 2511, 2512, 2601, 2602, 2603, 2604, 2605, 2606, 2607, 2608, 2609, 2610, 2611, 2612, Count: 19
Product ID: AD, Unique instrument IDs after last '|': 2511, 2512, 2601, 2602, 2603, 2604, 2605, 2606, 2607, 2608, 2609, 2610, 2611, 2612, Count: 14
Product ID: BZ, Unique instrument IDs after last '|': 2603, 2604, 2605, 2606, 2607, 2608, 2609, 2610, 2611, Count: 9
Product ID: PL, Unique instrument IDs after last '|': 2601, 2602, 2603, 2604, 2605, 2606, 2607, 2608, 2609, 2610, 2611, 2612, Count: 12
Product ID: OP, Unique instrument IDs after last '|': 2601, 2602, 2603, 2604, 2605, 2606, 2607, 2608, 2609, 2610, 2611, 2612, Count: 12
Product ID: L_F, Unique instrument IDs after last '|': nan, Count: 1
Product ID: PP_F, Unique instrument IDs after last '|': nan, Count: 1
Product ID: V_F, Unique instrument IDs after last '|': nan, Count: 1
Product ID: PD, Unique instrument IDs after last '|': 2606, 2608, 2610, 2612, Count: 4
Product ID: PT, Unique instrument IDs after last '|': 2606, 2608, 2610, 2612, Count: 4

Total Count of unique instrument IDs: 9159
